99
NP_010579.1    0.0000000 0.3129269 0.4969081 0.5032025 0.7908325 0.8229529 0.8297793 0.8142708 0.8422828 1.0074973 1.2049930 1.2232147 1.2283084 1.3037620 1.3053897 1.2359079 1.2604933 1.2297036 1.2623583 1.2775979 1.3094989 1.2967448 1.0728150 1.3067263 1.4042682 1.0528312 1.4752592 1.5627159 1.5325776 1.6257429 1.6105826 1.6263592 1.6514394 2.0359078 2.0639704 2.0717554 2.1521732 2.2109262 2.2707833 2.2863856 2.2600212 2.2704820 2.5188417 2.5020591 2.3847345 2.6780160 2.5896059 1.8716236 1.9777970 2.0579119 2.0117366 2.0759750 2.0486474 1.9821445 2.0289890 2.0352172 2.1030481 2.1812828 2.1018368 2.1048335 2.2259137 2.1369284 2.1130819 2.0615359 2.5895719 3.0473564 2.9523215 3.0146991 3.2018278 3.1285580 3.1500949 3.2199869 2.8030428 2.9046473 2.9980102 3.2538116 3.1271515 3.2037290 3.2427679 3.3333008 3.3017048 3.1518743 2.8826888 2.5688015 2.5231132 2.7944303 2.2340927 2.0168913 3.3009964 3.2989787 3.4891308 3.6298769 3.2442936 1.9344994 1.9959575 2.1655659 2.2926385 3.3850987 3.8088382 
XP_446854.1    0.3129269 0.0000000 0.5231880 0.5279021 0.7880026 0.8232072 0.8156976 0.8291916 0.8422636 1.0203272 1.2039808 1.2266231 1.2579050 1.2718235 1.2585802 1.2375737 1.2227834 1.2348978 1.2597184 1.2804122 1.3183175 1.2649315 1.0490977 1.2637140 1.3662316 1.0780421 1.4803966 1.5084321 1.4670040 1.5904662 1.5658936 1.5940517 1.6601158 2.0123400 2.0389932 2.0927092 2.1064337 2.0882791 2.2947953 2.2807657 2.2114798 2.3240040 2.4371626 2.5197292 2.3782331 2.6402466 2.6828428 1.8824845 1.9390197 2.0132325 1.9978472 2.0387739 1.9908619 1.9499399 1.9894135 1.9747205 1.9562860 2.0279794 2.0040074 2.0282707 2.2167242 2.0780263 2.1080401 2.1423966 2.5585387 3.0049582 3.0006678 2.9545720 3.2579096 3.0147114 3.1452480 3.1963271 2.7831386 2.8617972 2.9677537 3.3164742 3.0308007 3.2474935 3.1299393 3.1724440 3.1476570 3.2928603 2.9682975 2.7196366 2.5906670 2.9048200 2.2192548 1.9713436 3.2540001 3.2982729 3.4587008 3.5757547 3.2510937 1.8687658 1.9278926 2.3663217 2.2843449 3.6141037 3.9490771 
NP_982470.1    0.4969081 0.5231880 0.0000000 0.4129234 0.7756184 0.8463841 0.8334478 0.8209735 0.8695859 1.0321577 1.2701826 1.2455839 1.2516312 1.2927704 1.3011861 1.2710209 1.2851256 1.2464735 1.2878259 1.3450771 1.3586104 1.3786305 1.0080976 1.3299946 1.4350556 1.0388880 1.5183972 1.5751814 1.5534200 1.7056006 1.6848385 1.6498470 1.7197531 2.0218108 2.1410670 2.1021853 2.2529752 2.1435762 2.4405731 2.4655324 2.3855451 2.3934290 2.6984523 2.7242233 2.4872926 2.6008073 2.7153015 2.0541478 2.0654705 2.1007527 2.1336111 2.0411676 2.0882482 2.0638700 2.0261178 1.9835459 2.0756112 2.1279030 2.1266556 2.1362084 2.2360047 2.1546310 2.1855512 2.1962907 2.7351638 3.0584140 2.9789257 3.0849266 3.2398816 3.0983627 3.2026293 3.2722994 2.8984237 2.9658587 3.0805265 3.3270464 3.1299190 3.4323817 3.1417958 3.3767911 3.3554710 3.2617281 2.9683599 2.8790272 2.7329115 2.9295633 2.4350722 1.9946517 3.2375801 3.5103205 3.5023103 3.6150134 3.2911321 1.9253055 1.9246741 2.2909733 2.3835543 3.6142859 4.0151393 
XP_452671.1    0.5032025 0.5279021 0.4129234 0.0000000 0.7742629 0.8580579 0.8572441 0.8106634 0.8523133 1.0124917 1.2136311 1.2332699 1.1941821 1.2440785 1.2717852 1.2577217 1.2024107 1.2496000 1.2523601 1.3104427 1.3629299 1.3499937 1.0204334 1.3448302 1.4396177 1.0729522 1.4773332 1.6046900 1.5152237 1.6400468 1.6485073 1.5900060 1.6629695 2.0576320 2.0589128 2.1134188 2.1864271 2.0839989 2.3827021 2.4011735 2.3253581 2.3521955 2.5103437 2.6912427 2.4400532 2.7072800 2.5405565 1.9769959 1.9881602 1.9775802 2.0181928 1.9725794 2.0503708 2.0181684 1.9773970 1.9689156 2.0515627 2.0850281 2.0398481 2.1667664 2.2516121 2.1540267 2.1626436 2.2381996 2.6859518 2.9675049 2.8762336 2.9439690 3.1311756 3.0473183 3.2304501 3.1258435 2.8095550 2.8973913 3.0675231 3.3116783 3.1788236 3.2234286 3.1261289 3.2127454 3.2475308 3.2656923 3.0210345 2.7180509 2.6139005 2.8600663 2.3050632 1.9212072 3.1195509 3.3013697 3.4503316 3.5204947 3.2823771 1.8083107 1.8788066 2.1313931 2.2645576 3.5475206 4.0075634 
XP_721868.2    0.7908325 0.7880026 0.7756184 0.7742629 0.0000000 0.2549309 0.3843947 0.5644557 0.6082049 0.9196669 1.1739860 1.1615094 1.1527712 1.2140060 1.2278920 1.1184113 1.1420449 1.2142667 1.2374680 1.2262361 1.2515798 1.3326689 1.0197783 1.2718572 1.3709247 0.9780713 1.4776953 1.5557079 1.5415531 1.5958019 1.6305857 1.7061587 1.7261098 2.0207003 2.0581899 2.0829937 2.1415673 2.1013807 2.4082509 2.3021357 2.2889828 2.3063249 2.5578609 2.5858350 2.4127413 2.6172706 2.5044315 1.9969484 2.0614327 2.0174265 2.0617177 2.0259719 2.1214956 1.9870356 2.0494634 1.9659122 2.0122246 2.0613145 2.1776360 2.1410205 2.2037514 2.0394280 2.2318780 2.2090003 2.5877141 2.7536081 2.7466366 2.7190267 3.0157892 3.0438656 2.9527576 3.2876854 2.5159736 2.5515337 2.8823533 2.9683020 2.9828081 3.0056441 3.0955523 3.1832088 3.2177608 3.2561720 2.7375116 2.8783883 2.6366812 2.7562216 2.3942900 1.8560173 3.1983889 3.1479772 3.2699080 3.3561156 3.0765861 1.7486716 1.7314770 2.2418927 2.2251212 3.3385992 3.8670734 
XP_462426.1    0.8229529 0.8232072 0.8463841 0.8580579 0.2549309 0.0000000 0.3895782 0.5660124 0.6176340 0.9204539 1.2105685 1.2354328 1.2313369 1.2575559 1.2541106 1.1788376 1.1769250 1.2149494 1.2231094 1.1910564 1.2116485 1.3373183 1.0328974 1.2701177 1.3532607 0.9589953 1.5297477 1.5485967 1.5227934 1.5993948 1.6228623 1.7039892 1.7475065 1.9921351 2.0247170 2.0603018 2.1271677 2.1068645 2.3665367 2.3243365 2.2862844 2.2650494 2.5651219 2.5674096 2.4341984 2.5925706 2.4923237 2.0790498 2.0825903 2.0512831 2.0875075 2.0463539 2.1207339 2.0151123 2.0672833 2.0421938 2.0904081 2.1356508 2.2503762 2.1840887 2.2089294 2.1004360 2.2232108 2.2416399 2.6636078 2.7277070 2.8661340 2.8195063 3.0581223 3.0452409 2.9915748 3.1931888 2.5855620 2.5955073 2.9080724 3.0946201 2.9340043 3.0114896 3.0810347 3.1366301 3.1483678 3.2397738 2.7298946 2.8309486 2.6991922 2.8132652 2.4045702 1.9560408 3.2667414 3.0588687 3.1897485 3.3203394 3.1384935 1.8320594 1.7940303 2.3056161 2.2861040 3.4494460 3.8894004 
XP_028889211.1 0.8297793 0.8156976 0.8334478 0.8572441 0.3843947 0.3895782 0.0000000 0.6386562 0.6464755 0.9430439 1.2523798 1.2261347 1.2821500 1.3024436 1.2938393 1.2423533 1.2369871 1.2697823 1.3007042 1.2791883 1.2591828 1.3905625 1.0420236 1.2676314 1.3416640 0.9974004 1.5341189 1.6221476 1.5724721 1.6653764 1.6873560 1.7576279 1.7634313 1.9961822 2.0502062 2.0588015 2.1055756 2.0411290 2.3803100 2.3058837 2.2944474 2.3016356 2.5744613 2.6049960 2.4092553 2.5717365 2.4949221 2.0258903 2.0613122 2.1137343 2.1732002 2.1984591 2.2185887 2.0880020 2.0313096 2.0360227 2.1234758 2.1981485 2.2126016 2.2699628 2.2636807 2.1057054 2.3692578 2.3093512 2.5312753 2.7123368 2.8450734 2.9195557 3.0490383 3.1501718 2.9668539 3.2798228 2.5560561 2.5956094 2.7905839 3.1269468 2.9475669 3.0242050 3.0758675 3.1369687 3.1761620 3.2189642 2.7902554 2.8260077 2.6424787 2.8450424 2.3417020 2.0420794 3.1140685 3.0406788 3.2922869 3.2545314 3.1067486 1.8060447 1.7299934 2.1978871 2.2172845 3.4897051 3.8856689 
ODV97345.1     0.8142708 0.8291916 0.8209735 0.8106634 0.5644557 0.5660124 0.6386562 0.0000000 0.5397764 0.9552266 1.2097753 1.2360265 1.2108772 1.2461071 1.2719002 1.2149092 1.1972560 1.2414319 1.2683653 1.2660223 1.2503258 1.3116944 1.0117231 1.2968030 1.3782421 0.9791150 1.4924380 1.5441951 1.5635418 1.6359270 1.6486356 1.6683246 1.6987136 1.9021036 1.9313277 1.9647324 2.0890217 2.0268696 2.1662257 2.1874484 2.1873240 2.1996464 2.3771101 2.4169788 2.3123200 2.5448738 2.3908345 1.9732512 2.0436807 1.8562489 2.0642840 2.0485596 2.0290274 1.9796474 1.9977037 1.9898858 1.9789234 2.0790597 2.1014220 2.1871630 2.2478976 2.1648351 2.2835033 2.2158382 2.5229816 2.6988876 2.6176608 2.7967912 2.8122507 2.8553843 2.8789411 3.0864877 2.4868424 2.5193907 2.8298587 3.0357929 2.8599146 2.9077075 3.1320516 3.2421336 3.2494296 3.1899410 2.6848298 2.7237084 2.5315550 2.8524767 2.2244246 1.8735893 3.1676557 2.8847570 3.1728873 3.2699548 2.9696878 1.8531330 1.7980411 2.1587113 2.2246684 3.3463017 3.4801259 
XP_002491774.1 0.8422828 0.8422636 0.8695859 0.8523133 0.6082049 0.6176340 0.6464755 0.5397764 0.0000000 0.9243708 1.0867324 1.1201369 1.0988844 1.1628865 1.1538923 1.1119903 1.0851594 1.0883738 1.1703756 1.1329121 1.1729518 1.2580285 0.9872216 1.1826916 1.2401116 1.0055511 1.4416913 1.4316554 1.4104818 1.5071992 1.5202490 1.5334776 1.5372770 1.7947682 1.8257822 1.8340898 2.1151340 2.0031894 2.2792891 2.2304829 2.2052394 2.1529760 2.4092529 2.4773763 2.3666680 2.5388186 2.3890386 1.8978412 1.9045016 1.9114197 1.8883911 1.8792319 1.9215746 1.8714887 1.9028743 1.9437283 2.0029082 2.0315546 1.9945619 2.1021381 2.1590162 2.0487096 2.1248232 2.2008448 2.4612791 2.7820129 2.6299136 2.6949387 2.9325868 2.8980343 2.9216432 2.9792928 2.6402677 2.6691368 2.7727571 3.0748551 2.9271346 2.9629391 2.9764818 3.0867610 3.1197576 3.1920211 2.7753983 2.7275115 2.5178381 2.8150887 2.2770883 1.8774039 3.1248005 2.7972660 2.9505159 3.1271215 2.7578876 1.8204961 1.8416350 2.1434105 2.1769130 3.3466827 3.7879135 
XP_505385.1    1.0074973 1.0203272 1.0321577 1.0124917 0.9196669 0.9204539 0.9430439 0.9552266 0.9243708 0.0000000 0.9480195 1.0052990 0.9934388 1.0547710 1.0574685 0.9940271 1.0253723 1.0328540 1.0150890 1.0397110 1.0685178 1.2281706 0.8838411 1.1806848 1.2604961 0.9455911 1.3591177 1.4066546 1.3970710 1.5676514 1.4291560 1.4289316 1.4931399 1.7400342 1.7148200 1.7792675 1.9866553 1.8337223 2.1368522 2.0903751 2.1550617 2.1100385 2.2866339 2.2957263 2.1845204 2.3238876 2.1975470 1.8689103 1.9116474 1.8454744 1.9558637 1.8831254 1.8723803 1.8927505 1.8503035 1.8619077 1.8973626 1.9330005 1.8734961 2.0551416 1.9574859 1.9660207 2.0385232 2.0756979 2.3779693 2.6098854 2.4505614 2.6282869 2.8195453 2.7449647 2.8353414 2.8056079 2.5129107 2.5461072 2.6495252 2.8399113 2.7086934 2.7724987 2.8942990 3.0621311 3.0630940 3.0983595 2.5838642 2.4592224 2.3992896 2.6764437 2.2315717 1.6876671 2.9807446 2.7962648 2.8803507 2.9611259 2.8883931 1.8084949 1.7930336 2.2290559 2.2431246 3.1244106 3.8736169 
SMY19906.1     1.2049930 1.2039808 1.2701826 1.2136311 1.1739860 1.2105685 1.2523798 1.2097753 1.0867324 0.9480195 0.0000000 0.2991977 0.3979746 0.4970637 0.4809411 0.3909961 0.4152910 0.4316505 0.4474992 0.4514358 0.6057601 0.9962827 0.9367658 0.9765511 1.0649112 1.0002448 1.1787736 1.1878817 1.1314082 1.2011195 1.2096856 1.2006798 1.2691119 1.5095822 1.5199969 1.5609249 1.6468438 1.5628907 1.8317110 1.8550990 1.7915473 1.7865711 1.9099940 1.9572615 1.8887905 2.0840549 1.9303445 1.7078661 1.6914448 1.6574303 1.7714126 1.7139181 1.7874591 1.7468767 1.7305826 1.6914990 1.7042149 1.7976714 1.7678993 1.9764433 2.0197418 1.8699152 1.9502362 2.0898100 2.0560399 2.2904701 2.2257983 2.2587542 2.4498508 2.1947872 2.2993934 2.5807038 2.2107763 2.2209541 2.4086398 2.5607424 2.3747829 2.5152551 2.5423437 2.5914366 2.5565992 2.5614108 2.3190181 2.3102280 2.2795433 2.4789751 2.0195797 1.7461230 2.5188504 2.5876915 2.6048784 2.7311297 2.5835951 1.7533635 1.7546241 2.1123028 2.1006654 2.8091287 3.1990481 
XP_001797133.1 1.2232147 1.2266231 1.2455839 1.2332699 1.1615094 1.2354328 1.2261347 1.2360265 1.1201369 1.0052990 0.2991977 0.0000000 0.3409708 0.4474330 0.4150862 0.3141984 0.3570733 0.3794481 0.3918500 0.3949861 0.5743652 0.9944408 0.9255567 0.9947982 1.0842628 0.9801711 1.1404160 1.1115192 1.0719956 1.1665969 1.1640147 1.1891792 1.2089788 1.4834147 1.4990880 1.4909009 1.6903639 1.5546581 1.8377400 1.8829138 1.7852491 1.7328343 1.8294157 1.8778568 1.8099035 1.9794204 2.0032957 1.6971410 1.6556158 1.6127076 1.7848870 1.7207799 1.7251856 1.6771109 1.7424700 1.7375761 1.7609756 1.8872120 1.7817360 1.9137952 1.9940230 1.8492392 1.9355688 2.0211335 1.9900801 2.2434157 2.2022230 2.2694570 2.5104823 2.1570322 2.1898349 2.4500495 2.1796909 2.2065223 2.3671554 2.4827184 2.3333367 2.4994115 2.4276644 2.5428445 2.4503874 2.5899570 2.2945170 2.2361263 2.1973510 2.5133176 1.9516399 1.7331421 2.5080101 2.6579212 2.7513910 2.9146011 2.6474851 1.6630735 1.6793491 2.1956989 2.1831678 2.9546341 3.2954905 
XP_001590366.1 1.2283084 1.2579050 1.2516312 1.1941821 1.1527712 1.2313369 1.2821500 1.2108772 1.0988844 0.9934388 0.3979746 0.3409708 0.0000000 0.3041306 0.2902891 0.3603708 0.3820204 0.4029716 0.4269043 0.4284179 0.5212970 0.9708104 0.9046095 0.9384287 1.0170405 0.9404436 1.1273221 1.1110404 1.0907352 1.2016897 1.1535433 1.1599319 1.2043277 1.4843058 1.4887683 1.4927974 1.6211416 1.5990584 1.8358922 1.8532818 1.8183892 1.7116884 1.9291135 1.9399724 1.8326731 1.9764735 1.9159638 1.6289531 1.6149166 1.6709963 1.7405588 1.6679515 1.6842094 1.6854963 1.7000585 1.6721188 1.7107346 1.8246330 1.7437378 1.8245131 1.9292603 1.7451626 1.8130372 1.9925815 1.9748007 2.2227655 2.1478767 2.2082823 2.4779325 2.1908326 2.2365083 2.4215494 2.1572809 2.1788491 2.3779044 2.3692199 2.3870498 2.4254611 2.3720530 2.4609762 2.4312835 2.5584364 2.2515332 2.1921971 2.1372416 2.4208998 2.0030751 1.7646438 2.4326364 2.6100917 2.6959477 2.8210867 2.6225467 1.6343196 1.6584742 2.1249515 2.0622277 2.9307038 3.1066941 
XP_961563.2    1.3037620 1.2718235 1.2927704 1.2440785 1.2140060 1.2575559 1.3024436 1.2461071 1.1628865 1.0547710 0.4970637 0.4474330 0.3041306 0.0000000 0.2162367 0.4041732 0.4052754 0.4124873 0.4281436 0.4726105 0.5987117 1.0406438 0.9597381 1.0092385 1.1009226 1.0135551 1.2141408 1.2162503 1.1760420 1.2593772 1.1850491 1.2285181 1.2790322 1.5973184 1.6219414 1.6490734 1.7815544 1.6630155 1.9106304 1.9504312 1.9640138 1.8636620 2.0098916 2.0293956 1.9333707 2.1499221 2.0323861 1.7520731 1.7566085 1.7185928 1.9307295 1.8417903 1.8606911 1.7903792 1.8256405 1.8067900 1.8100051 1.8934588 1.8600460 1.8764797 1.9861103 1.8556046 1.9272870 2.0338850 2.0811893 2.3845947 2.2186882 2.2887828 2.5538877 2.1953415 2.3716598 2.5274714 2.3051996 2.3471491 2.4588396 2.5124801 2.3453312 2.4526870 2.4596116 2.5895748 2.5399363 2.6733110 2.3828535 2.3285705 2.3062334 2.6060191 1.9900674 1.7019183 2.4172988 2.7746821 2.9285213 3.0533541 2.8543376 1.6629753 1.6835394 2.1676593 2.0292270 3.0256909 3.3819216 
XP_011326696.1 1.3053897 1.2585802 1.3011861 1.2717852 1.2278920 1.2541106 1.2938393 1.2719002 1.1538923 1.0574685 0.4809411 0.4150862 0.2902891 0.2162367 0.0000000 0.3752389 0.3957507 0.3981165 0.4100603 0.4390373 0.6053821 1.0174562 0.9561563 1.0275620 1.1223458 1.0226885 1.1827439 1.1849196 1.1488244 1.2745381 1.2096203 1.2115933 1.2605652 1.6150809 1.6116509 1.6559554 1.7824563 1.6003935 1.9267772 1.9728377 1.9003200 1.8257833 1.9771859 1.9861812 1.9285839 2.1022428 2.0015859 1.6951207 1.6750650 1.7494715 1.8356811 1.7359878 1.8474823 1.7546298 1.8229919 1.8035815 1.8561312 1.9377044 1.8185780 1.9247849 1.9878581 1.8492338 1.8485657 2.0754482 2.1335497 2.3186140 2.2913027 2.3431122 2.5615520 2.2860330 2.3926223 2.4904655 2.3244559 2.3739651 2.4721080 2.5868350 2.4577429 2.5733003 2.4969050 2.6501935 2.6035955 2.6866903 2.4277930 2.3483081 2.2505063 2.6151191 2.0824357 1.7535059 2.5899574 2.7239608 2.8474773 2.9161776 2.8269530 1.6823937 1.6806766 2.1161840 2.1079725 3.0492044 3.3576978 
EEH08335.1     1.2359079 1.2375737 1.2710209 1.2577217 1.1184113 1.1788376 1.2423533 1.2149092 1.1119903 0.9940271 0.3909961 0.3141984 0.3603708 0.4041732 0.3752389 0.0000000 0.1946124 0.2325292 0.2600206 0.2769927 0.6029437 0.9946540 0.8969495 1.0013998 1.0860465 0.9594422 1.1970496 1.1470286 1.1588628 1.1822041 1.2248208 1.2301437 1.2227067 1.5108245 1.5232659 1.5606371 1.6527160 1.5841808 1.8340010 1.8440921 1.7811765 1.6966526 1.8942353 1.9007939 1.8363053 1.9415653 1.9197869 1.6918863 1.6606272 1.6988077 1.7864875 1.7545018 1.7447992 1.7234999 1.7634998 1.7181604 1.7508599 1.8573237 1.8085787 1.9162243 2.0050583 1.8506351 1.8652569 1.9981424 2.0785366 2.2285429 2.1360439 2.2743977 2.5107392 2.1533820 2.2731505 2.4634636 2.2328276 2.2839440 2.3486109 2.4068262 2.2758983 2.3759427 2.3829659 2.5086493 2.4793600 2.5619080 2.2642161 2.1895801 2.1333005 2.4451075 1.9916064 1.7129609 2.4808360 2.6229435 2.6683851 2.8175334 2.6311854 1.6901265 1.7739222 2.1830231 2.1416289 2.8709274 2.9986088 
XP_001243079.2 1.2604933 1.2227834 1.2851256 1.2024107 1.1420449 1.1769250 1.2369871 1.1972560 1.0851594 1.0253723 0.4152910 0.3570733 0.3820204 0.4052754 0.3957507 0.1946124 0.0000000 0.2709979 0.2802406 0.3060541 0.6165149 1.0267106 0.9074233 1.0468435 1.1319662 0.9785157 1.2331734 1.1983491 1.1827406 1.2152236 1.2549403 1.2568071 1.2493178 1.5813885 1.6086295 1.5973504 1.7339249 1.6500284 1.9613467 1.9120339 1.8802979 1.7971268 1.9329128 1.9228948 1.8700812 2.0806681 1.9877350 1.6967653 1.6923920 1.7429203 1.8507037 1.7801904 1.8019892 1.7443887 1.7987181 1.7502433 1.7709388 1.9045846 1.8251998 1.9315807 2.0067820 1.8945802 1.9196416 2.0719693 2.1169177 2.3429528 2.1749686 2.2896371 2.5991072 2.2003203 2.3598557 2.4548538 2.3720604 2.4113491 2.5361267 2.4577818 2.3437810 2.4595583 2.4812117 2.5184799 2.5099550 2.6267099 2.2870415 2.2521885 2.2238497 2.5891618 2.1585586 1.7247208 2.5415778 2.6756418 2.7291493 2.8977770 2.6534546 1.7113346 1.7535158 2.2149743 2.1324530 3.0422317 3.1535605 
XP_752507.1    1.2297036 1.2348978 1.2464735 1.2496000 1.2142667 1.2149494 1.2697823 1.2414319 1.0883738 1.0328540 0.4316505 0.3794481 0.4029716 0.4124873 0.3981165 0.2325292 0.2709979 0.0000000 0.1578663 0.1941574 0.6054908 1.0051949 0.9586706 1.0289092 1.1142147 1.0301837 1.1958160 1.1466195 1.1363823 1.2189395 1.2069471 1.1758774 1.1906247 1.5355103 1.5316362 1.5460432 1.7060096 1.6003199 1.8539951 1.8640888 1.8624779 1.7531759 1.9179435 1.9278164 1.8690167 2.0436434 1.9735312 1.7394554 1.7295148 1.7108440 1.8020853 1.7686477 1.7908051 1.7339497 1.8006511 1.7835411 1.7998519 1.9209072 1.8108476 1.9071278 2.0312764 1.8713420 1.9065118 1.9673085 2.0920355 2.3193877 2.0936336 2.1647173 2.4911163 2.1654580 2.3103031 2.5345341 2.2957707 2.3422616 2.3897659 2.4387223 2.3733645 2.4788244 2.3575392 2.5157850 2.4800647 2.5812940 2.3903445 2.2080382 2.1445550 2.5067435 1.9890969 1.7234988 2.5664828 2.6656707 2.7297071 2.8410206 2.6644257 1.7359800 1.7881925 2.1829268 2.1270944 2.9566218 3.0861550 
XP_658762.1    1.2623583 1.2597184 1.2878259 1.2523601 1.2374680 1.2231094 1.3007042 1.2683653 1.1703756 1.0150890 0.4474992 0.3918500 0.4269043 0.4281436 0.4100603 0.2600206 0.2802406 0.1578663 0.0000000 0.2030938 0.6175175 0.9958398 0.9512078 1.0194195 1.1136906 1.0008421 1.1956730 1.1766706 1.1694876 1.2188210 1.1976529 1.1789661 1.2043642 1.5852524 1.5759241 1.5863360 1.7480805 1.5746223 1.9214417 1.9101563 1.8946392 1.7799908 1.9393369 1.9551337 1.8862925 2.1112901 2.0325899 1.7594663 1.7733556 1.7662790 1.8437872 1.8085841 1.8468494 1.7526496 1.8379225 1.7868172 1.8171728 1.9495686 1.8309532 2.0056547 2.1261760 1.9272342 1.9581396 2.0785186 2.1339236 2.3356105 2.1001495 2.2060062 2.5661131 2.2546199 2.3481723 2.5596696 2.3199653 2.3748864 2.4455121 2.5577112 2.4318917 2.5453359 2.3912462 2.5758655 2.5497115 2.5825431 2.4017912 2.2286384 2.2164931 2.5276376 2.0612029 1.7232554 2.5884205 2.7242568 2.7112458 2.8770217 2.6846553 1.6871573 1.7585826 2.2433177 2.1494844 3.0465438 3.1868879 
CRL22673.1     1.2775979 1.2804122 1.3450771 1.3104427 1.2262361 1.1910564 1.2791883 1.2660223 1.1329121 1.0397110 0.4514358 0.3949861 0.4284179 0.4726105 0.4390373 0.2769927 0.3060541 0.1941574 0.2030938 0.0000000 0.6096568 1.0088678 0.9690292 1.0311415 1.1214454 1.0187360 1.2118220 1.1682011 1.1542582 1.2455384 1.2306288 1.2181507 1.2470145 1.5365887 1.5173929 1.5277129 1.7121035 1.5909091 1.9140321 1.8818587 1.8485451 1.7429943 1.9336218 1.9466618 1.8711986 2.0990583 1.9983789 1.7262927 1.7355725 1.6756862 1.8161899 1.7797545 1.7926763 1.7778256 1.7601077 1.7397323 1.7681362 1.9072216 1.8315067 1.9562789 2.0449945 1.8840088 1.8816423 2.0695759 2.0635303 2.2617205 2.0893532 2.1919134 2.4645678 2.1319910 2.2270215 2.4743564 2.2340067 2.2674888 2.3933370 2.4781688 2.3811111 2.4223014 2.3509852 2.4702360 2.4234295 2.5003532 2.3227335 2.2215917 2.1983940 2.5382095 1.9322322 1.7198185 2.5350677 2.6724531 2.6613771 2.7861138 2.6119078 1.6767468 1.7669570 2.2185886 2.1857799 2.9027476 3.2035033 
XP_002839150.1 1.3094989 1.3183175 1.3586104 1.3629299 1.2515798 1.2116485 1.2591828 1.2503258 1.1729518 1.0685178 0.6057601 0.5743652 0.5212970 0.5987117 0.6053821 0.6029437 0.6165149 0.6054908 0.6175175 0.6096568 0.0000000 1.0112523 0.9427613 1.0277560 1.1184265 1.0105549 1.1813537 1.1413724 1.1514203 1.2447378 1.2021252 1.2069720 1.2337627 1.5773267 1.5627008 1.5884976 1.7547494 1.6211488 1.8451595 1.9033747 1.8409888 1.7962905 1.9980853 2.0188816 1.9379956 2.0428741 1.9943144 1.6409072 1.6431641 1.7058403 1.7962338 1.7554459 1.8313033 1.7705408 1.7161228 1.6705038 1.7198777 1.7990361 1.8391374 1.9756907 1.9628651 1.9143833 1.8666803 1.9527894 2.0426134 2.2057984 2.1925832 2.2214879 2.4895401 2.2395147 2.2600526 2.5558983 2.1718565 2.1764868 2.4425402 2.4319082 2.3091848 2.5954270 2.4426302 2.5295829 2.5637678 2.5391047 2.4209907 2.2929772 2.2784254 2.5281407 2.0104851 1.7611318 2.5503570 2.6626137 2.6633217 2.8968239 2.6309204 1.6904617 1.7719691 2.1169537 2.1697630 3.0600973 3.1034712 
ORY78509.1     1.2967448 1.2649315 1.3786305 1.3499937 1.3326689 1.3373183 1.3905625 1.3116944 1.2580285 1.2281706 0.9962827 0.9944408 0.9708104 1.0406438 1.0174562 0.9946540 1.0267106 1.0051949 0.9958398 1.0088678 1.0112523 0.0000000 1.0773042 1.0024613 1.0882689 1.1745661 1.1483198 1.1736132 1.1967901 1.2545338 1.1899638 1.2378282 1.2931213 1.6251787 1.6311554 1.6212494 1.7905677 1.6957642 1.8540326 1.8748012 1.8773180 1.9806706 2.0439137 1.9773242 1.9169316 2.3296882 2.0089364 1.6831371 1.7153709 1.7242083 1.7467927 1.6946353 1.7595358 1.7386199 1.7571128 1.7410051 1.8473556 1.8908702 1.7919909 2.0354188 2.0416553 1.9147485 1.9968085 2.0454753 2.1070041 2.3661422 2.3638570 2.5103033 2.4685487 2.4427041 2.5571019 2.6399440 2.2891788 2.3008903 2.4235734 2.4862197 2.6710787 2.7472462 2.5384691 2.6939300 2.5534941 2.5829947 2.5176216 2.1579548 2.1808073 2.4360354 1.8888932 1.6092763 2.7725532 2.8130350 2.9019961 3.0633916 2.8593697 1.6220970 1.6451361 1.9325768 2.0150576 3.0015816 3.6231936 
ODQ70873.1     1.0728150 1.0490977 1.0080976 1.0204334 1.0197783 1.0328974 1.0420236 1.0117231 0.9872216 0.8838411 0.9367658 0.9255567 0.9046095 0.9597381 0.9561563 0.8969495 0.9074233 0.9586706 0.9512078 0.9690292 0.9427613 1.0773042 0.0000000 1.0444876 1.1163947 0.8994841 1.2311193 1.2521405 1.2938357 1.3264066 1.3143093 1.3680836 1.4131970 1.6570360 1.6600864 1.6840586 1.8325106 1.7329491 2.1163971 2.0784087 2.0523647 1.9689361 2.0928103 2.1397178 1.9443203 2.2014455 2.1071996 1.7693076 1.7677069 1.8494366 1.8800396 1.9363986 1.9793925 1.8098916 1.8612726 1.8779538 1.9595083 2.0312417 1.8277696 2.0294416 2.1071690 1.9382210 2.0065172 2.0275022 2.2832437 2.4269527 2.2819613 2.3693253 2.5868322 2.3369498 2.4942535 2.7326410 2.3161817 2.3493279 2.5344613 2.7158869 2.3711239 2.4409430 2.5163083 2.6920036 2.6564318 2.6857500 2.2598367 2.4557320 2.1681061 2.4254356 2.0986202 1.6909708 2.6891784 2.6610070 2.8101442 2.9421566 2.8072315 1.6169396 1.6948148 2.1332469 2.0481143 2.9438628 3.7274766 
XP_019020799.1 1.3067263 1.2637140 1.3299946 1.3448302 1.2718572 1.2701177 1.2676314 1.2968030 1.1826916 1.1806848 0.9765511 0.9947982 0.9384287 1.0092385 1.0275620 1.0013998 1.0468435 1.0289092 1.0194195 1.0311415 1.0277560 1.0024613 1.0444876 0.0000000 0.0459646 1.1459437 1.2401034 1.1608093 1.1533173 1.2156793 1.1513769 1.2003770 1.2371331 1.5024497 1.4916373 1.5197190 1.6121158 1.6517830 1.7935389 1.7828294 1.7529284 1.8090131 2.0181167 1.9744118 1.9053072 2.1704319 1.9534437 1.7318507 1.7328041 1.7758738 1.8684720 1.8588134 1.7877363 1.7723509 1.7727073 1.7626996 1.8562409 1.8970986 1.8426438 1.9610264 2.0132520 1.9584194 2.0144855 2.0517230 2.0291787 2.2579651 2.2779552 2.4153349 2.6523641 2.3634609 2.3310997 2.6788196 2.2767859 2.2903356 2.3709188 2.4538379 2.3872965 2.5435867 2.6043247 2.6876302 2.6568659 2.6928808 2.3810003 2.3343029 2.2346058 2.3273751 1.9611497 1.7080216 2.5777293 2.5970261 2.6987076 2.8296480 2.7240463 1.5708724 1.5656385 2.0953888 2.0901646 2.9819157 3.5880991 
GAO51867.1     1.4042682 1.3662316 1.4350556 1.4396177 1.3709247 1.3532607 1.3416640 1.3782421 1.2401116 1.2604961 1.0649112 1.0842628 1.0170405 1.1009226 1.1223458 1.0860465 1.1319662 1.1142147 1.1136906 1.1214454 1.1184265 1.0882689 1.1163947 0.0459646 0.0000000 1.2330684 1.2992116 1.2608477 1.2585193 1.3177899 1.2307118 1.2763814 1.3135782 1.6281099 1.5839254 1.6076260 1.7232900 1.6681836 1.8652044 1.8566821 1.8391079 1.9749510 2.1457260 2.0545956 1.9712521 2.2524431 2.0913184 1.7979947 1.8006764 1.8513723 1.9313890 1.9262635 1.8548037 1.8471537 1.8352983 1.8292688 1.9272853 1.9522061 1.9294748 2.0113250 2.1032360 2.0162855 2.0876495 2.1393042 2.1538086 2.3785578 2.3472685 2.5028341 2.7044416 2.3840070 2.3599134 2.8030810 2.3905950 2.4045314 2.4024145 2.5107201 2.4439584 2.5936999 2.7367156 2.8075437 2.8088749 2.9044715 2.5172725 2.4097835 2.3121501 2.3823249 1.9600322 1.7593134 2.6371612 2.6486412 2.7584736 2.9150153 2.8174976 1.6243677 1.6148346 2.1575673 2.1775587 3.0258012 3.6205097 
ODV91698.1     1.0528312 1.0780421 1.0388880 1.0729522 0.9780713 0.9589953 0.9974004 0.9791150 1.0055511 0.9455911 1.0002448 0.9801711 0.9404436 1.0135551 1.0226885 0.9594422 0.9785157 1.0301837 1.0008421 1.0187360 1.0105549 1.1745661 0.8994841 1.1459437 1.2330684 0.0000000 1.4359520 1.3341275 1.3313119 1.4477862 1.4550421 1.4730016 1.4838890 1.9446578 1.8513546 1.9253490 2.2601454 2.1927501 2.2356969 2.2407451 2.2695309 2.3173658 2.5259137 2.4974874 2.4672871 2.5895072 2.5662869 1.9873953 2.0613473 2.0144614 2.1130307 2.0745587 2.1282209 2.0161255 2.0343098 2.0875827 2.0856605 2.1906255 2.1203100 2.1967626 2.2261944 2.0326757 2.1294925 2.3316664 2.5615990 2.8773411 3.0388012 2.9074316 2.9881371 3.1132453 2.9840148 3.1111899 2.8110693 2.8515251 2.9711667 3.1290446 3.1204610 3.2114151 3.2078148 3.6069670 3.5285302 3.3001798 2.9797563 2.7400258 2.6559194 2.9400333 2.4940334 1.8251243 2.9467939 3.0770026 3.3079349 3.2527512 3.1838648 1.8945996 1.8736117 2.2982113 2.2749604 3.5314170 3.5198124 
XP_003324138.1 1.4752592 1.4803966 1.5183972 1.4773332 1.4776953 1.5297477 1.5341189 1.4924380 1.4416913 1.3591177 1.1787736 1.1404160 1.1273221 1.2141408 1.1827439 1.1970496 1.2331734 1.1958160 1.1956730 1.2118220 1.1813537 1.1483198 1.2311193 1.2401034 1.2992116 1.4359520 0.0000000 0.6102034 0.5863440 0.7411121 0.6592490 0.8215973 0.8297424 1.1523831 1.1441021 1.1810873 1.3633507 1.3444412 1.5403545 1.5374023 1.5231261 1.5339504 1.6183780 1.6204511 1.6031314 1.7256885 1.5021276 1.5072031 1.5349833 1.5229035 1.5663833 1.5457072 1.6102272 1.5603089 1.5917443 1.6056216 1.6154464 1.6945611 1.5625665 1.6639186 1.7313690 1.6836033 1.6557839 1.7184568 1.6908625 1.9341524 1.8535632 1.7632430 2.1562490 1.7235114 1.9855575 2.0851248 1.7116241 1.7481620 1.8806535 2.0387583 2.0366335 2.0632720 2.0030788 2.0426077 1.9562085 2.0436977 1.9729306 2.2721493 2.1585205 2.2716464 1.8190219 1.4081888 2.1608800 2.3457455 2.2408039 2.3316158 2.2988317 1.7654948 1.7998784 1.9955068 2.0871688 2.6001951 3.1070815 
XP_007329347.1 1.5627159 1.5084321 1.5751814 1.6046900 1.5557079 1.5485967 1.6221476 1.5441951 1.4316554 1.4066546 1.1878817 1.1115192 1.1110404 1.2162503 1.1849196 1.1470286 1.1983491 1.1466195 1.1766706 1.1682011 1.1413724 1.1736132 1.2521405 1.1608093 1.2608477 1.3341275 0.6102034 0.0000000 0.2421951 0.5646762 0.6438012 0.7806623 0.7495747 1.1548123 1.1798097 1.1625085 1.4131161 1.3355882 1.4931298 1.5390924 1.4470415 1.5559391 1.5923764 1.6211167 1.6263177 1.7291678 1.4638156 1.3518004 1.4415737 1.3247193 1.5011803 1.4715144 1.5948256 1.4511113 1.4808400 1.5106280 1.5364815 1.5992847 1.5042072 1.5938896 1.6389996 1.5710937 1.6044905 1.6980755 1.6924671 1.8100134 1.8326306 1.7149540 1.9685531 1.7115373 2.0416778 2.2297540 1.6667203 1.7333091 1.8553020 1.9384173 1.8386026 2.0144545 1.9074577 1.9628295 1.9300660 2.0540690 1.9105568 2.0545340 2.0046512 2.1150278 1.6540599 1.3936438 2.1759814 2.3604908 2.2704162 2.4008703 2.3210004 1.7702508 1.8025426 2.0381286 2.2230082 2.6038332 3.1541042 
EGO01908.1     1.5325776 1.4670040 1.5534200 1.5152237 1.5415531 1.5227934 1.5724721 1.5635418 1.4104818 1.3970710 1.1314082 1.0719956 1.0907352 1.1760420 1.1488244 1.1588628 1.1827406 1.1363823 1.1694876 1.1542582 1.1514203 1.1967901 1.2938357 1.1533173 1.2585193 1.3313119 0.5863440 0.2421951 0.0000000 0.5723497 0.6417886 0.7411363 0.7383355 1.1504036 1.1525943 1.1575822 1.3602466 1.3084607 1.4197542 1.4799508 1.4306496 1.4851412 1.5355290 1.5983804 1.5175957 1.7116733 1.4771458 1.3438170 1.4200519 1.3105186 1.5218898 1.4473936 1.5496497 1.4778356 1.4171239 1.4868403 1.4897087 1.5625685 1.4612013 1.6866738 1.7097400 1.5956517 1.6614423 1.6821102 1.6851656 1.8201778 1.8317151 1.6866102 1.9831050 1.6259049 1.9588239 2.2192125 1.6554557 1.7152933 1.8358980 1.8498803 1.8711507 1.9880542 1.9823826 2.0919576 2.0211662 2.0369944 1.8943566 2.0772688 2.0036448 2.1332558 1.7321421 1.4334476 2.1530083 2.3526606 2.2864587 2.3941256 2.3437527 1.7622731 1.7598395 2.0271650 2.2101632 2.6494862 3.2462349 
XP_012050922.1 1.6257429 1.5904662 1.7056006 1.6400468 1.5958019 1.5993948 1.6653764 1.6359270 1.5071992 1.5676514 1.2011195 1.1665969 1.2016897 1.2593772 1.2745381 1.1822041 1.2152236 1.2189395 1.2188210 1.2455384 1.2447378 1.2545338 1.3264066 1.2156793 1.3177899 1.4477862 0.7411121 0.5646762 0.5723497 0.0000000 0.7903746 0.8696311 0.8648016 1.1839458 1.1233795 1.1692604 1.4325834 1.3872082 1.5110580 1.5526949 1.5213188 1.5135952 1.7454889 1.6516428 1.6659577 1.8255080 1.6205544 1.4745052 1.5139611 1.4792479 1.5865013 1.5845779 1.5409031 1.5448022 1.5662467 1.5612700 1.6385015 1.6839163 1.6527121 1.7435881 1.8460144 1.7455343 1.7435566 1.8165588 1.7666033 1.9816913 1.8884565 1.8516151 2.0788089 1.6924315 2.2141749 2.3251540 1.8563873 1.8742640 1.9484887 2.0936733 2.0960364 2.0882933 2.0618546 2.0689626 2.0010977 2.2385496 1.9166586 2.2533833 2.2163851 2.3049348 1.8838685 1.5953070 2.2591851 2.4759092 2.3744912 2.4746950 2.3494275 1.8831131 1.8524689 2.0661521 2.2164406 2.6689748 3.3613789 
XP_011387156.1 1.6105826 1.5658936 1.6848385 1.6485073 1.6305857 1.6228623 1.6873560 1.6486356 1.5202490 1.4291560 1.2096856 1.1640147 1.1535433 1.1850491 1.2096203 1.2248208 1.2549403 1.2069471 1.1976529 1.2306288 1.2021252 1.1899638 1.3143093 1.1513769 1.2307118 1.4550421 0.6592490 0.6438012 0.6417886 0.7903746 0.0000000 0.8435881 0.8088163 1.0836527 1.1038272 1.1367596 1.2052234 1.2242018 1.2746396 1.3317989 1.2934138 1.4008994 1.4936524 1.5660806 1.3901102 1.6187653 1.4382265 1.4796298 1.5563692 1.4729375 1.6259680 1.6190011 1.5932729 1.6366542 1.5107149 1.5597647 1.6021682 1.6591524 1.5065688 1.6741737 1.7399110 1.6294092 1.7101069 1.7661472 1.5467243 1.7800890 1.6710244 1.7091742 1.9551683 1.5789232 1.8071525 2.0170526 1.6185875 1.6425519 1.6501117 1.8341126 1.8000432 1.9111436 1.8329526 1.9277885 1.8541581 1.9241355 1.8625906 2.1396368 2.1964177 2.3158603 1.8859739 1.2526654 2.0013418 2.2753434 2.2453877 2.3812593 2.1908354 1.9028508 1.9038451 2.0430386 2.1445128 2.4274970 2.9586910 
RIB17962.1     1.6263592 1.5940517 1.6498470 1.5900060 1.7061587 1.7039892 1.7576279 1.6683246 1.5334776 1.4289316 1.2006798 1.1891792 1.1599319 1.2285181 1.2115933 1.2301437 1.2568071 1.1758774 1.1789661 1.2181507 1.2069720 1.2378282 1.3680836 1.2003770 1.2763814 1.4730016 0.8215973 0.7806623 0.7411363 0.8696311 0.8435881 0.0000000 0.2099046 0.8761038 0.8855674 0.9255323 1.1048291 1.0882315 1.2268891 1.2483941 1.1796769 1.2384597 1.3800706 1.3757939 1.3798209 1.5689336 1.2816928 1.1870876 1.2459488 1.2598356 1.3299170 1.3338534 1.4039905 1.3831477 1.2928409 1.3322224 1.3790202 1.4871599 1.3459763 1.5312981 1.6470886 1.4147016 1.5690184 1.6313927 1.4932961 1.5290987 1.5286487 1.3769098 1.8158632 1.3482397 1.7503127 1.9523553 1.5907289 1.6487569 1.6345580 1.8247817 1.6357379 1.7160629 1.7030786 1.8778063 1.7360967 1.8149348 1.6565009 1.9451486 1.8820286 2.0627163 1.7259928 1.5781469 1.9974889 2.1959080 2.1681371 2.2745819 2.1388269 1.6929538 1.7892986 2.1178304 2.1520258 2.3587601 3.2112222 
EXX74607.1     1.6514394 1.6601158 1.7197531 1.6629695 1.7261098 1.7475065 1.7634313 1.6987136 1.5372770 1.4931399 1.2691119 1.2089788 1.2043277 1.2790322 1.2605652 1.2227067 1.2493178 1.1906247 1.2043642 1.2470145 1.2337627 1.2931213 1.4131970 1.2371331 1.3135782 1.4838890 0.8297424 0.7495747 0.7383355 0.8648016 0.8088163 0.2099046 0.0000000 0.8962801 0.9186423 0.9145638 1.0946649 1.1672161 1.1944611 1.2345821 1.1401686 1.2275167 1.3433064 1.4473336 1.3795952 1.5976766 1.2641330 1.1576836 1.2818953 1.2472002 1.3819858 1.3725292 1.4362131 1.3739263 1.3048442 1.3369389 1.3430341 1.4794497 1.3731335 1.5555278 1.6221572 1.4252118 1.5832139 1.6409159 1.4698793 1.5587648 1.5160686 1.4309056 1.7969289 1.4011593 1.7621086 2.0059899 1.5992641 1.6628017 1.6576019 1.8702166 1.6384857 1.6898919 1.7231630 1.8554376 1.7223653 1.8577794 1.6634523 1.9685999 1.9175681 2.0481053 1.6751090 1.5688280 2.0130499 2.1901859 2.1699449 2.2408058 2.1626160 1.7501194 1.7819305 2.1028080 2.1118201 2.3155327 3.2773345 
OAQ31519.1     2.0359078 2.0123400 2.0218108 2.0576320 2.0207003 1.9921351 1.9961822 1.9021036 1.7947682 1.7400342 1.5095822 1.4834147 1.4843058 1.5973184 1.6150809 1.5108245 1.5813885 1.5355103 1.5852524 1.5365887 1.5773267 1.6251787 1.6570360 1.5024497 1.6281099 1.9446578 1.1523831 1.1548123 1.1504036 1.1839458 1.0836527 0.8761038 0.8962801 0.0000000 0.3391720 0.3625927 1.2026225 1.2027112 1.2457447 1.2959074 1.2087898 1.2450506 1.4771200 1.4267866 1.4320251 1.6547649 1.4354072 1.3232232 1.3591722 1.3560550 1.4203740 1.3571176 1.5077464 1.3705006 1.4157256 1.4473200 1.4707731 1.5546841 1.4042486 1.7120421 1.7025790 1.6093880 1.6146508 1.6546931 1.5361394 1.6705702 1.6072520 1.5927833 1.9117842 1.5906884 1.7875040 1.9253353 1.4608497 1.4914229 1.6309125 1.7856344 1.7206006 1.7975113 1.6919184 1.8287532 1.7981842 2.0089354 1.7459602 2.1414442 2.0835809 2.2093980 1.7598122 1.9338385 2.1793877 2.1896949 2.1902136 2.2025499 2.1274085 2.1239642 2.0970085 2.4112040 2.3971538 2.3273503 2.9680637 
OAQ23985.1     2.0639704 2.0389932 2.1410670 2.0589128 2.0581899 2.0247170 2.0502062 1.9313277 1.8257822 1.7148200 1.5199969 1.4990880 1.4887683 1.6219414 1.6116509 1.5232659 1.6086295 1.5316362 1.5759241 1.5173929 1.5627008 1.6311554 1.6600864 1.4916373 1.5839254 1.8513546 1.1441021 1.1798097 1.1525943 1.1233795 1.1038272 0.8855674 0.9186423 0.3391720 0.0000000 0.2336196 1.2424135 1.2193969 1.3094634 1.3970182 1.2658779 1.2424517 1.5017195 1.4544770 1.4578487 1.6851404 1.3802164 1.2910856 1.3053161 1.2784955 1.3772386 1.2984102 1.5040246 1.3752765 1.3950286 1.4407814 1.4356668 1.5584234 1.3984233 1.6639781 1.7460756 1.6244267 1.6409630 1.5809352 1.5606745 1.6733692 1.6735477 1.6481381 1.9262406 1.6163672 1.9414258 1.9501673 1.5054130 1.5285969 1.7090419 1.8613397 1.8110320 1.8898116 1.7855252 1.9121490 1.8952614 2.0891498 1.7518617 2.0860577 2.0306700 2.1423194 1.7196520 1.8943800 2.1120940 2.1944046 2.1815130 2.1954558 2.1933798 2.0378835 2.0938901 2.3364201 2.4222032 2.3528720 3.0712811 
XP_021880184.1 2.0717554 2.0927092 2.1021853 2.1134188 2.0829937 2.0603018 2.0588015 1.9647324 1.8340898 1.7792675 1.5609249 1.4909009 1.4927974 1.6490734 1.6559554 1.5606371 1.5973504 1.5460432 1.5863360 1.5277129 1.5884976 1.6212494 1.6840586 1.5197190 1.6076260 1.9253490 1.1810873 1.1625085 1.1575822 1.1692604 1.1367596 0.9255323 0.9145638 0.3625927 0.2336196 0.0000000 1.2624150 1.2500947 1.3055852 1.4128242 1.3197506 1.3130502 1.5194846 1.4582468 1.4580829 1.7296105 1.4010887 1.2865288 1.3132819 1.2874828 1.4307610 1.3522832 1.5187353 1.3402468 1.4176355 1.4372303 1.4530299 1.5540531 1.4007033 1.6772700 1.7677684 1.6183508 1.6291683 1.6338037 1.5628861 1.6901167 1.6286034 1.6020484 1.9878740 1.7057814 1.8993820 2.0205408 1.5389421 1.5505072 1.6575181 1.9040846 1.7236730 1.8267888 1.7338265 1.8510710 1.8078450 2.0233738 1.8136893 2.1501420 2.1040087 2.1792178 1.7723427 1.9314022 2.2301059 2.2077449 2.2634911 2.2814368 2.2314269 2.0613041 2.0920790 2.3804002 2.3898427 2.3674370 3.1274499 
CDH60523.1     2.1521732 2.1064337 2.2529752 2.1864271 2.1415673 2.1271677 2.1055756 2.0890217 2.1151340 1.9866553 1.6468438 1.6903639 1.6211416 1.7815544 1.7824563 1.6527160 1.7339249 1.7060096 1.7480805 1.7121035 1.7547494 1.7905677 1.8325106 1.6121158 1.7232900 2.2601454 1.3633507 1.4131161 1.3602466 1.4325834 1.2052234 1.1048291 1.0946649 1.2026225 1.2424135 1.2624150 0.0000000 0.9682431 0.9141537 0.9043719 0.8735254 0.8460624 1.1240833 1.1585759 1.1131001 1.2258427 1.3393275 1.5056179 1.6239126 1.6212270 1.6278272 1.5550212 1.6913749 1.6248077 1.6277334 1.6676212 1.7002818 1.7350280 1.5184526 1.9671658 1.8461885 1.7243288 1.8076858 2.0613454 1.4611251 1.7086739 1.7324189 1.5949150 1.8742920 1.5329789 1.6557805 1.9497551 1.5349893 1.5660748 1.5677485 1.7439566 1.7989634 1.7633967 2.0079872 1.9941486 1.9554909 2.1076749 1.9390238 2.1899105 2.1139184 2.2910699 2.0610704 2.0920178 1.7602750 1.9131691 1.8855844 1.9895335 1.9953084 2.4920862 2.3175725 2.6386206 2.6809079 2.2809183 3.2294922 
XP_018293059.1 2.2109262 2.0882791 2.1435762 2.0839989 2.1013807 2.1068645 2.0411290 2.0268696 2.0031894 1.8337223 1.5628907 1.5546581 1.5990584 1.6630155 1.6003935 1.5841808 1.6500284 1.6003199 1.5746223 1.5909091 1.6211488 1.6957642 1.7329491 1.6517830 1.6681836 2.1927501 1.3444412 1.3355882 1.3084607 1.3872082 1.2242018 1.0882315 1.1672161 1.2027112 1.2193969 1.2500947 0.9682431 0.0000000 1.0494283 0.9600808 0.9674517 1.0105654 1.0917079 1.0659179 1.1639400 1.2435038 1.2977035 1.5136137 1.5655132 1.5227056 1.5410503 1.4585164 1.6043980 1.5133792 1.5124343 1.5571431 1.5879231 1.7122126 1.4665202 2.0538709 1.7803610 1.6172477 1.7180779 1.9716834 1.4826253 1.5454375 1.7515217 1.7035723 1.8740662 1.6183030 1.7982397 1.8190045 1.5096379 1.5599294 1.5968711 1.7253554 1.7974915 1.9511880 1.9247535 1.9446328 2.0174297 2.1486045 1.9449794 2.2805167 2.0742004 2.2962768 1.9593812 2.1647978 1.6825193 1.9456332 1.8652194 1.9530899 1.9027438 2.2893140 2.4005129 2.5010322 2.5568457 2.3289549 3.3851889 
OBZ90828.1     2.2707833 2.2947953 2.4405731 2.3827021 2.4082509 2.3665367 2.3803100 2.1662257 2.2792891 2.1368522 1.8317110 1.8377400 1.8358922 1.9106304 1.9267772 1.8340010 1.9613467 1.8539951 1.9214417 1.9140321 1.8451595 1.8540326 2.1163971 1.7935389 1.8652044 2.2356969 1.5403545 1.4931298 1.4197542 1.5110580 1.2746396 1.2268891 1.1944611 1.2457447 1.3094634 1.3055852 0.9141537 1.0494283 0.0000000 0.2590594 0.4822097 0.9974642 1.2708120 1.1808517 1.2334814 1.4184791 1.3994707 1.6028741 1.7129237 1.6055192 1.7397841 1.7210484 1.7030089 1.7398307 1.5978231 1.6819346 1.6714746 1.7452832 1.6672802 2.0938438 2.0050001 1.8786804 1.9579881 2.0695748 1.4928905 1.7161261 1.6861083 1.7231684 1.9401183 1.5645718 1.8777744 1.8662418 1.5759699 1.6088254 1.8324775 1.7421437 1.6697863 1.7736173 1.9950141 2.0597041 2.0054620 2.2105203 1.8831662 2.2887471 2.1660893 2.2919610 2.0135986 2.1977242 1.8768964 2.1421756 2.1470835 2.2589462 2.1324203 2.4591280 2.3946820 2.7951934 2.7548281 2.2609621 3.1975668 
