223
NP_010579.1    0.0000000 0.2852739 0.4276007 0.4619834 0.7215435 0.7343421 0.7399443 0.7413379 0.7266697 0.9059253 0.9830009 1.0470921 1.0621646 1.0617207 1.0891100 1.1131882 1.0403529 1.0675447 1.0664185 1.0849023 1.0939300 1.0935626 1.1485706 0.9400591 1.1701490 1.2435619 1.5511303 1.5275321 1.4146694 1.7371733 1.6084026 1.5904605 1.6318686 1.8272749 2.0749799 2.0167998 2.1560160 1.9501740 2.2602470 2.0387364 2.2369205 2.1679309 2.2856266 2.1964316 2.2968865 2.6208059 2.5484221 2.4416950 2.7028322 1.9121503 1.9948013 1.8896472 1.9871969 2.0109702 2.0274809 1.8458172 2.0635807 1.9843681 1.9987019 2.0118137 2.0691252 1.9781943 1.8970434 2.0416363 1.9805161 2.0854773 2.7293727 2.5279119 2.4966932 2.4628022 2.7128519 2.7437436 2.6168153 2.6984954 2.6155784 2.5449435 2.5227252 2.7517667 1.9149963 2.9648414 2.7735339 2.8275067 2.6968893 1.8668182 3.1365120 2.9825111 2.9706957 3.0047802 3.2274325 3.0564104 3.2717303 3.1871675 2.9227383 3.1888709 2.8759594 2.8194579 3.0587797 3.0879821 2.8672977 3.0989989 3.1706688 2.8399763 3.2355142 3.2496621 3.0379515 3.1650313 2.7391083 2.8636775 2.8232428 2.8097825 3.0192138 2.9877622 2.9952861 3.0923856 2.9764595 2.9679510 2.9627755 2.9307452 3.0250768 3.0464865 3.0432343 3.0182600 3.0742751 3.1169430 3.0659425 2.9752368 3.2939009 3.0781323 3.2340500 3.3588972 3.0946563 3.1468807 3.0819795 3.0769798 3.1557466 3.1643791 3.2620548 3.0918200 3.0433423 3.1511043 3.2630199 3.2464643 3.2555664 3.1771517 3.2334035 3.2509799 3.2239944 3.3426371 3.3945784 3.4494687 3.4048647 3.2810936 3.3035517 3.1721013 3.3009653 3.0400007 3.2457819 3.3582942 3.5820582 3.3639374 3.4042009 3.4295392 3.0053695 2.9960488 3.0402767 3.3696797 3.1802896 3.1511709 3.2728627 3.1951051 3.7406973 3.3360694 3.6624361 3.3856745 3.3921360 3.3180649 3.5191108 3.0345916 4.2463303 5.0024782 1.8892832 1.9044178 2.0492849 2.0728816 2.9702649 2.9523473 3.0392520 3.1671066 3.6079518 3.6808013 3.8515040 4.6357126 3.5443399 3.5275008 3.4516081 3.9576023 4.2195830 3.8457656 4.4707940 4.2702347 4.2445396 4.0581284 3.9040324 4.8495329 4.5984787 4.5634273 4.3637088 4.5536687 4.5803902 4.2937270 4.8479404 5.1091759 5.1758062 3.6491031 3.8214047 4.2029590 3.9686034 4.7153834 3.8524418 5.5199901 4.4178410 5.0074915 4.3462454 
XP_446854.1    0.2852739 0.0000000 0.4504454 0.4987852 0.7142308 0.7464797 0.7467499 0.7516962 0.7147624 0.9359091 1.0439627 1.0522550 1.0517842 1.0519377 1.0366417 1.0419402 1.0164478 1.0088672 1.0447911 1.0641627 1.0733785 1.0986098 1.0909447 0.9439133 1.1291347 1.2030125 1.5438329 1.4956294 1.3974922 1.7528311 1.6063626 1.5825127 1.6472612 1.8065938 2.0213908 1.9814764 2.1780355 1.9005543 2.3103467 2.0906127 2.2722040 2.2652775 2.2419086 2.2316163 2.3224116 2.7020453 2.5485088 2.4464933 2.6924955 1.8987357 1.9136482 1.8247175 1.9721313 1.9847247 1.9774063 1.8203977 2.0234624 1.9689981 1.9551571 1.9018484 1.9924925 1.9240909 1.9175822 2.0299668 1.9657579 2.1490316 2.7019041 2.4968729 2.6341010 2.4827858 2.7126157 2.7194311 2.6170308 2.7251088 2.6338127 2.6566549 2.5401204 2.8400061 1.9414505 2.9340010 2.7813440 2.8999503 2.7802885 1.8087879 2.9743126 2.8826917 2.8628298 3.0183159 3.2508067 3.0611198 3.1735017 3.2350493 2.9120884 3.1758539 2.9065890 2.8166266 3.0826910 3.1019585 2.9106784 3.1064842 3.1091535 2.8294742 3.2613854 3.1542503 3.0385697 3.1327705 2.8245036 2.9780954 2.8700504 2.9301324 3.0164320 3.0128778 2.9902187 3.1470379 3.0366004 3.0510043 3.0042754 2.9660719 2.9754690 2.9606141 2.9471585 3.0219282 3.1274598 3.1390624 3.1910548 2.9822693 3.2908891 3.0841036 3.2549456 3.3589140 3.1722318 3.1588682 3.1434219 3.2230144 3.1903286 3.2371110 3.2370441 3.0694342 2.9727899 3.1489346 3.2292770 3.2115327 3.3184518 3.2584509 3.2582305 3.2695009 3.2354852 3.3890995 3.4244209 3.5024142 3.4087830 3.3723366 3.3146864 3.2156818 3.2286333 2.9958599 3.2055465 3.2576267 3.5553460 3.3521670 3.4216802 3.4000768 3.0972838 3.0580336 3.0836494 3.1430681 3.2961747 3.1835484 3.3315101 3.1092718 3.6313724 3.5955300 3.7454037 3.5575569 3.3978404 3.5469911 3.6911611 3.0820151 4.2962954 5.0608715 1.8927552 1.8688290 2.1859052 2.0896123 3.1851132 2.9461211 3.1489822 3.1111267 3.5998738 3.6887685 3.7549869 4.5754022 3.5310889 3.4671393 3.4476577 3.9006164 4.4669019 3.7189444 4.6526833 4.2737534 4.2119138 4.1086061 3.9615648 4.8906893 4.6187242 4.5626862 4.3620696 4.4469564 4.7464636 4.4300265 5.0097912 5.2670392 5.0066701 3.7268976 3.8990719 4.2062042 4.1834910 4.7755942 3.9532142 5.6666122 4.7041794 4.8551404 4.4909428 
NP_982470.1    0.4276007 0.4504454 0.0000000 0.3714104 0.6936712 0.7294999 0.7268799 0.7572590 0.7511305 0.9381624 0.9976071 1.0763534 1.0986706 1.0540313 1.0521762 1.0776262 1.0523058 1.0644320 1.0590174 1.0567350 1.1155651 1.1354046 1.1563091 0.9238748 1.1390948 1.2161975 1.5834579 1.5525359 1.4321449 1.7955412 1.6843444 1.6327160 1.6973856 1.8004743 2.0909743 2.0226700 2.2071709 1.8940006 2.3472319 2.1597572 2.3387190 2.2202221 2.3523676 2.2042204 2.3773744 2.7050322 2.6412408 2.3287539 2.6319099 1.9984710 2.0027737 1.8788006 2.0282044 1.9466308 2.0698727 1.8484591 2.0936674 1.9470159 1.9292935 1.9513198 2.0005404 2.0151160 1.9146621 2.0414542 2.0172970 2.1176756 2.8430849 2.6632472 2.5588779 2.4724025 2.7372597 2.7760611 2.5927254 2.7042199 2.6380809 2.6765188 2.6367808 2.8897583 2.0568377 2.9475344 2.8355701 2.9140576 2.7455994 1.8333616 3.0388442 3.0388915 2.9853111 3.0515055 3.5067224 3.0437725 3.2294145 3.3875589 2.8637837 3.1625553 2.8210403 2.8520569 3.0458788 3.1351788 2.8674159 3.1373697 3.1953123 2.8948914 3.3096516 3.2728179 2.9581853 3.0215853 2.8440594 2.9676349 2.9698709 2.9882944 2.9496006 2.9894967 2.8975639 3.1042720 3.0629842 3.0892199 3.0304149 2.9909424 2.9627487 2.9418485 2.9450039 3.0659003 3.0176878 3.1166738 3.1388481 3.0823704 3.3441682 3.0565031 3.2547964 3.3044869 3.1459647 3.1731538 3.1886384 3.2860140 3.2921620 3.2917428 3.2889966 3.1953568 3.1312781 3.1806829 3.2755526 3.3331810 3.2955279 3.3110989 3.4326385 3.3667603 3.3753456 3.4171043 3.4333687 3.5276473 3.5407742 3.4429708 3.3565668 3.3381960 3.3127905 3.1759893 3.2048553 3.2901910 3.4700624 3.3155228 3.2773580 3.3895869 3.0505466 3.0716669 3.1233472 3.1934121 3.2739706 3.0898040 3.3277443 3.1460068 3.5965062 3.3583823 3.7532663 3.4196369 3.4282715 3.3677231 3.4834323 3.1007277 4.1988540 4.8168678 1.8408760 1.8659281 2.0998256 2.1304948 3.1837388 3.0172182 3.2025421 3.3021128 3.7991919 3.9105776 4.0100744 4.9431954 3.8206340 3.4684925 3.4372270 3.9535163 4.1066607 3.8391994 4.8999138 4.1908776 4.4270295 4.2316098 3.9809532 4.6866235 4.5138280 4.3414835 4.2689637 4.2298679 4.4933336 4.2532030 4.9654643 5.1668908 4.8084163 3.7746285 3.9139335 4.1719991 3.9171940 4.8222905 4.0151584 5.1047317 4.3952166 4.8336946 4.5210930 
XP_452671.1    0.4619834 0.4987852 0.3714104 0.0000000 0.7305448 0.7863201 0.7727843 0.7818056 0.7643327 0.9411097 1.0410008 1.0616514 1.0817394 1.0301450 1.0450733 1.0770408 1.0597727 1.0167917 1.0639258 1.0556121 1.1030738 1.1628862 1.1250049 0.9349670 1.1798436 1.2607235 1.5385854 1.5716567 1.4461173 1.7098087 1.6649806 1.6075936 1.6338863 1.8220460 2.0633929 2.0414502 2.1711908 1.8992545 2.3255634 2.1583388 2.3197040 2.1982380 2.2706349 2.2387764 2.3883190 2.5102679 2.5098474 2.4653979 2.6504141 1.8929673 1.8868260 1.8017188 1.9531426 1.8995317 1.9824002 1.8490446 2.0392654 1.8765850 1.8541863 1.8812774 1.9358632 1.9949705 1.9285894 2.0725942 2.0173257 2.1518207 2.6759893 2.5394154 2.5414799 2.5064525 2.7624869 2.7982894 2.5399691 2.6216875 2.6727318 2.5366906 2.5961017 2.7428299 2.0287256 2.9370815 2.9414683 2.8951232 2.8059186 1.7880866 3.0866709 3.0184181 3.0105537 3.0624597 3.2261121 3.0742679 3.1321482 3.1889941 2.7508024 3.1622643 2.7792004 2.8962132 3.0181719 3.0876239 2.9923289 3.1899674 3.2309111 2.9404846 3.1418425 3.1223144 2.8599478 2.9754729 2.8450063 2.9470711 2.8031058 2.9213254 3.0271399 3.0231150 3.0716361 3.2033754 3.0115615 2.9705715 2.9769266 2.9442826 2.9423669 2.8964175 2.8622009 2.9561215 3.0270131 3.1107441 3.1637636 2.9487074 3.2263262 3.0599806 3.1781145 3.2323029 2.9401068 3.0565507 3.0712889 3.1671489 3.1658040 3.1986606 3.1983939 3.0504182 3.0125706 3.0757646 3.1286121 3.1889946 3.2425579 3.1888646 3.4161722 3.2378884 3.2196216 3.3174571 3.3266699 3.4100363 3.4052130 3.2779945 3.2326098 3.1073840 3.2081123 3.0086637 3.2460742 3.3768588 3.4970633 3.2211820 3.2168392 3.2013404 2.9515201 2.9987877 3.0120204 3.1334806 3.2418227 2.9763212 3.2920620 3.1435794 3.6414824 3.3513108 3.5683854 3.4620854 3.4974092 3.4923602 3.5125423 3.0170507 4.2890989 4.7616894 1.7780611 1.8470990 1.9963480 2.0267680 2.9812894 2.9665005 3.1630661 3.3020320 3.6623974 3.7460262 3.7679308 4.4842645 3.5397520 3.4722640 3.6395015 3.9552102 4.1054345 3.8262587 4.4796344 4.1457627 4.5988124 4.5324388 4.0251253 4.7100955 4.7566943 4.5800918 4.3452285 4.4119323 4.2287247 4.2931762 4.8695635 4.9920025 4.9917130 3.6511993 3.9957439 4.1520547 4.0654400 4.6770330 4.0495123 5.1183703 4.5267864 5.0703977 4.6903000 
XP_721868.2    0.7215435 0.7142308 0.6936712 0.7305448 0.0000000 0.2281693 0.3444049 0.5075896 0.5485832 0.7940526 0.9807043 1.0029136 0.9869820 0.9732201 1.0095537 0.9932299 0.9360056 0.9480115 1.0091866 1.0408987 1.0382127 1.0389288 1.0981747 0.9023436 1.0418641 1.1138063 1.5453234 1.4452144 1.3949612 1.6581862 1.6714697 1.5432946 1.5874366 1.6834100 1.9206022 1.8456842 2.1524185 1.8406616 2.1746555 1.9827143 2.2538549 2.0550901 2.2857821 2.0957683 2.2468523 2.3997718 2.5071759 2.2368344 2.5295917 1.8138127 1.9078230 1.7570462 1.9443137 1.8646935 1.8918728 1.7437340 1.9929918 1.8970172 1.8512922 1.8663687 1.8878014 1.9341088 1.8742049 1.9617610 1.9205335 2.0623402 2.5754250 2.3584851 2.3447425 2.3857728 2.4664744 2.4336571 2.3939469 2.6703524 2.4524254 2.5817412 2.5114540 2.6414888 2.0334525 2.6235790 2.6099422 2.6104374 2.5458801 1.7348856 3.0059495 2.8862782 2.9157003 3.0132482 2.9822516 2.6955863 2.9686025 3.0325090 2.8500879 2.8261053 2.6507974 2.7567554 2.8531943 2.8486014 2.7108772 2.8415514 2.9118754 2.6537894 2.9286812 2.8557527 2.6993408 2.8123884 2.5678273 2.6582824 2.6354238 2.6821077 2.7944345 2.7331349 2.6685385 2.8501769 2.8060415 2.8308700 2.7917433 2.5381492 2.7138123 2.7290729 2.6974720 2.8230771 2.8114440 2.8555478 2.6380523 2.7064592 2.8835499 2.7986604 2.9239463 2.9108058 2.9084697 2.8174119 2.8592781 2.9324797 2.8446652 2.8567012 2.8285094 2.7676301 2.7035439 2.8275456 2.8306807 2.8796504 2.8525856 2.8858509 2.8874517 2.9277205 2.9680640 3.0304897 3.0966745 3.1302850 3.0693696 2.9911682 3.0098522 2.9200656 2.9508477 2.9104993 2.9174832 2.9590134 3.0868750 3.0592646 3.0808844 2.9499517 2.8749918 2.8698870 2.9845232 2.9358600 2.8686269 2.8758250 2.8670205 2.9232880 3.3152022 3.1476280 3.2881196 3.2039238 3.2763467 3.1505467 3.2021979 2.8943341 4.2060864 4.3931958 1.6806558 1.6561201 1.9787446 1.9805314 2.9806447 2.7472789 2.9805593 2.9846239 3.6142308 3.6813128 3.7034401 4.3545954 3.1605480 3.0935408 3.3314214 3.7530994 4.1200052 3.8270511 4.2990314 3.9856045 3.8012297 3.9721852 3.8413069 4.4127984 4.2704272 4.2336249 3.9780167 4.3543378 4.3542116 4.2303397 4.6099946 5.0059232 4.3606871 3.5651916 4.0481236 4.2307170 3.8476932 4.3226469 3.2693965 5.0060630 4.2005318 4.5561680 3.9362497 
XP_462426.1    0.7343421 0.7464797 0.7294999 0.7863201 0.2281693 0.0000000 0.3343657 0.4894760 0.5435694 0.7872500 0.9367003 1.0072094 1.0082823 0.9946519 0.9932056 1.0198658 0.9495682 0.9487288 0.9970729 1.0128916 0.9930290 0.9950737 1.1260439 0.8959084 1.0227910 1.0895647 1.5517701 1.4595347 1.3673663 1.6443580 1.6197522 1.4825024 1.5233391 1.7000663 1.9069111 1.8298600 2.1144493 1.8580081 2.1837765 2.0012475 2.2363179 2.0304549 2.2707395 2.1037767 2.2436206 2.4243581 2.4649593 2.2256650 2.5235997 1.8419203 1.8870657 1.7786198 1.9302814 1.8470294 1.9035600 1.7539661 2.0133430 1.8653995 1.8663029 1.8557003 1.8760439 1.9856140 1.8924388 1.9822195 1.9734618 2.1699413 2.6526224 2.3880973 2.3774264 2.3659471 2.5255971 2.4837065 2.3450320 2.5977552 2.4474716 2.6541055 2.5401755 2.6874581 2.0356589 2.7152061 2.6765396 2.6441456 2.5302399 1.7477469 3.0530209 2.8699476 2.9179461 2.9370108 2.8857971 2.6868429 2.9723438 3.0411955 2.8481047 3.0754179 2.8155689 2.9033426 3.0241044 3.0421115 2.7580511 2.9561568 3.0344638 2.7778785 3.1359415 2.9786356 2.7315388 2.8029488 2.6451584 2.7382042 2.7403271 2.7374478 2.8330460 2.7981991 2.7017260 2.9139820 2.8727043 2.8876694 2.8106383 2.6343376 2.7244869 2.7617200 2.7350361 2.8260302 2.8868626 2.8618829 2.8188312 2.7857991 2.9837935 2.8019536 2.9352760 3.1004293 2.8588470 2.8803398 2.8551096 2.9620463 2.9380035 2.9427423 2.9082927 2.7776047 2.7305333 2.8495147 2.8579837 2.8975177 2.9266208 2.9113985 3.0236762 2.9821288 3.1238903 3.1643638 3.1962897 3.1894165 3.1446759 3.1194343 3.0934631 2.9856580 3.0760778 2.9808052 2.9856964 3.0564024 3.1557995 3.1010719 3.1426116 2.9882146 2.9347484 2.9262559 3.0363597 2.9693232 2.9445713 2.9369647 2.8992497 3.0782673 3.4185168 3.1363282 3.3384242 3.2165822 3.2727434 3.2553907 3.3012145 2.8876383 4.2998983 4.6933027 1.7832328 1.7057012 2.0775399 2.0382239 3.1391102 2.8376412 3.0386482 2.9943041 3.6060835 3.4965308 3.7103526 4.4436286 3.3629913 3.0965116 3.4011852 3.5955355 4.0559579 3.5917262 4.2645268 3.9545525 4.0186344 4.0970068 3.8262197 4.3383927 4.3516320 4.3076150 4.1375531 4.8315113 4.2510499 4.2224747 4.5930155 4.9694182 4.4608042 3.5461351 4.0099150 4.1723445 3.8934376 4.3136281 3.6298785 5.0553745 4.1906811 4.5750379 3.9925774 
XP_028889211.1 0.7399443 0.7467499 0.7268799 0.7727843 0.3444049 0.3343657 0.0000000 0.5597485 0.5709861 0.8391200 0.9813140 1.0175061 1.0251010 1.0718800 1.0525419 1.0408835 1.0124239 1.0139520 1.0454728 1.0652758 1.0714354 1.0580084 1.1367135 0.9192626 1.0950846 1.1428178 1.5700093 1.4933357 1.3962092 1.7013054 1.6955006 1.5769342 1.6180714 1.7102264 1.9447537 1.8746742 2.1435094 1.8515867 2.2381788 2.0426280 2.2409181 2.1278803 2.3046522 2.1059513 2.2954166 2.4870349 2.4924331 2.2683313 2.6462500 1.8678593 1.8964700 1.8468341 1.9791943 1.9724882 1.9632267 1.8448555 2.0092607 1.8595033 1.8710033 1.9258973 1.9449232 2.0912878 1.9465081 2.0117203 2.0421265 2.2425649 2.5964254 2.4187236 2.4491049 2.3143870 2.5156084 2.5092015 2.4228601 2.5579261 2.5076982 2.6691948 2.5906583 2.8031737 2.0606448 2.7512958 2.7462107 2.6396149 2.5798671 1.8709479 3.2022675 3.0514512 3.0586620 3.1399311 3.0547603 2.8158794 3.1744093 3.1770314 2.8235486 3.0885264 2.8728987 3.0090520 3.1405380 3.1584789 2.8892701 3.1007338 3.1656042 2.8258982 3.2395338 3.0832389 2.8393447 2.9047546 2.6541150 2.7383555 2.7592794 2.7878478 2.8115160 2.7504336 2.7007497 2.8956631 2.9412288 2.9842089 2.9394408 2.7047758 2.8314588 2.7596971 2.7290947 2.8235188 2.8781913 2.8567938 2.8101047 2.7987551 2.9301441 2.8105279 2.9131589 3.1550339 2.8178286 2.8833157 2.9033079 2.9552026 2.9203650 2.9493994 2.9392381 2.7803069 2.7610573 2.7882730 2.8399176 2.9213985 2.9571866 2.9233343 3.0617940 2.8821849 3.0602993 3.1114589 3.2137921 3.2090493 3.1359700 3.1245982 3.0130285 2.9848214 3.0339653 2.9204091 3.0254799 3.1563597 3.2263977 3.1031884 3.0948488 3.0999351 2.8314176 2.8736818 2.9742604 3.1015881 2.9461511 2.9664295 2.9622758 2.9911989 3.5112843 3.1377047 3.6061693 3.2399144 3.3631151 3.1817637 3.3412085 2.9968910 4.4474576 4.6470947 1.7783134 1.7095448 2.0584439 2.0250302 3.0551896 2.8177227 3.1564678 3.0183790 3.8459015 3.9541768 4.0053725 4.5924610 3.6420614 3.2688561 3.5188427 3.7275128 4.0385140 3.7903934 4.7659382 3.9797182 3.8107213 4.0000525 3.7634618 4.4007559 4.2486695 3.9520529 3.9921619 4.4279772 4.2111473 4.2183319 4.7251209 5.0435779 4.5203160 3.7476657 4.1158515 4.2415672 3.7835886 4.3800519 3.4565481 5.1871349 4.4031423 4.7653354 4.2351572 
ODV97345.1     0.7413379 0.7516962 0.7572590 0.7818056 0.5075896 0.4894760 0.5597485 0.0000000 0.4469136 0.7959887 0.9531471 0.9889284 1.0321552 0.9840147 0.9794114 1.0349654 0.9718239 0.9914083 0.9933787 0.9990345 1.0381574 1.0271960 1.0790888 0.8665071 1.0673277 1.1350240 1.5129629 1.4921603 1.4379413 1.7221916 1.6715392 1.5451375 1.5749823 1.6637045 1.9109650 1.8693935 2.1222632 1.8299845 2.1687796 1.9174600 2.1999057 2.1161562 2.2621339 2.1121540 2.2322606 2.3594138 2.4684830 2.2996732 2.5012012 1.8863734 1.9078878 1.7270227 1.9648014 1.8777216 1.9671859 1.7177619 1.9916200 1.8699661 1.8802951 1.8251808 1.8801115 1.9866435 1.8979587 2.0479387 2.0982931 2.1165308 2.5750600 2.4953523 2.3860262 2.3499231 2.4864608 2.4379646 2.4358749 2.6241799 2.4152728 2.5330007 2.5370066 2.7526834 1.9422321 2.6450763 2.6484529 2.6641987 2.6185880 1.7764001 2.9923936 2.8662865 2.8784218 2.9889491 2.8959174 2.7609792 2.9888418 3.0544728 2.8240845 2.8656471 2.6593012 2.6312920 2.7247890 2.7970731 2.6980415 2.8263594 2.8997963 2.7723399 3.1198512 2.9190922 2.7430014 2.7458877 2.5159775 2.5983933 2.5315345 2.5295693 2.6930625 2.6138170 2.6519063 2.8110967 2.6951587 2.7713138 2.7372306 2.6408079 2.7445299 2.6696524 2.6415639 2.7471555 2.8273482 2.8513707 2.7786879 2.7919907 3.1142632 2.7562371 2.8498385 3.1775927 2.8264948 2.7815263 2.9262393 2.9234731 2.9227266 2.8791678 2.9041600 2.8813359 2.8290135 2.9124444 2.9709522 3.0444374 2.9490866 2.9232959 2.9996495 2.9860206 2.8890686 2.9735787 3.0697183 3.0444763 3.0323391 2.9900989 2.8835885 2.8655887 2.9452996 2.9005658 3.0671787 3.1089217 3.2557909 3.1429620 3.1722737 3.0385435 2.7722980 2.8504589 2.8748163 2.9868246 3.0969988 2.8625292 2.8218362 3.0740014 3.3334726 3.0610673 3.3373735 3.2209692 3.1252101 2.9815451 3.1909760 2.7958276 4.2278850 4.5875587 1.8178256 1.7329764 2.0106554 1.9669602 3.0118706 2.8196936 2.9208991 2.8197356 3.6424648 3.6576569 3.6594113 4.1596161 3.4118273 3.1730188 3.6092877 3.7951034 3.8042339 3.7052917 4.1347050 3.9737686 3.9328084 4.1799918 3.7808934 4.4937326 4.4230528 4.1069268 4.0930184 4.7108347 4.4794613 4.3217769 4.9245115 5.1735464 4.9489348 3.5753695 4.3644204 4.2776716 4.3298198 4.5394941 3.6444997 5.0992161 4.2069255 4.5234022 3.9991647 
XP_002491774.1 0.7266697 0.7147624 0.7511305 0.7643327 0.5485832 0.5435694 0.5709861 0.4469136 0.0000000 0.7795400 0.9227135 0.9665962 0.9762080 0.9582155 0.9929524 1.0043581 0.9637947 0.9467511 0.9607625 1.0019909 0.9925593 1.0281172 1.0298244 0.8451119 1.0239204 1.0846800 1.5469585 1.4451754 1.3677466 1.6145681 1.5611266 1.4974171 1.5021485 1.5854968 1.8387084 1.7590368 2.1191379 1.8246629 2.1902888 1.9756392 2.2137081 2.0668804 2.2453131 2.1490174 2.2960114 2.4352886 2.4618523 2.3015365 2.4398282 1.8731752 1.8639358 1.7071042 1.8633478 1.7914901 1.8981048 1.6721282 1.9077040 1.7759810 1.8135750 1.8247336 1.8400361 1.9063753 1.8483468 2.0044435 1.9916699 2.0335284 2.5592623 2.2858587 2.3819378 2.3381615 2.5582524 2.5505547 2.4430754 2.5565289 2.5107228 2.4712738 2.3860059 2.6165220 1.9496163 2.6115160 2.7211486 2.5887861 2.5569964 1.8109358 2.8644297 2.8056248 2.8461627 2.9414563 2.9034115 2.6679707 2.9155745 2.9646906 2.8017995 2.9906295 2.8547815 2.8660788 2.8566812 2.9678962 2.7047925 2.8895365 2.9563919 2.8002173 3.0965094 3.0245991 2.6881851 2.8179905 2.5894267 2.7441392 2.5597502 2.6698350 2.7733393 2.7547734 2.6582818 2.9028495 2.8116724 2.7817992 2.7222021 2.5603979 2.6350230 2.8311046 2.8054593 2.8170335 2.8315490 2.7728183 2.6469455 2.7360134 2.8192690 2.7340446 2.8860199 3.0312315 2.8262602 2.8405390 2.9293065 2.8916319 2.8936592 2.8570361 2.8184073 2.8180461 2.7220253 2.7664294 2.8901435 2.8998722 2.9623718 2.7690669 2.9703394 2.9419150 2.9685558 3.0112466 3.0405529 3.0236259 2.9034333 2.9927902 2.8886875 2.8433895 3.1124587 2.7446123 3.0724383 3.0717579 3.1992912 3.1945067 3.1357873 3.0960437 2.7252371 2.7949165 2.7547901 2.7197590 2.9629051 2.9038999 2.8605463 3.0444471 3.1923088 3.1293316 3.3448335 3.1947758 3.1868700 2.9909376 3.0376758 2.7944578 4.1371893 5.0266035 1.7375659 1.7893162 1.9542950 1.9132531 2.8024754 2.7476965 3.0159611 3.0760889 3.5386875 3.6068805 3.6105015 4.2547139 3.1464186 3.2677267 3.6462707 3.8919070 4.3463182 3.9022518 4.1811761 3.8814972 4.0052470 4.2426169 3.5832232 4.5032692 4.0950284 4.1297541 4.0383089 4.3218338 4.2610233 4.2484781 4.6179461 4.9436791 4.7373784 3.5886490 4.1693048 3.9824595 3.8506795 4.3165804 3.5466551 4.9136859 4.0546198 4.4544999 4.0852621 
XP_505385.1    0.9059253 0.9359091 0.9381624 0.9411097 0.7940526 0.7872500 0.8391200 0.7959887 0.7795400 0.0000000 0.9298981 0.8041893 0.8514919 0.8443573 0.8758165 0.8987473 0.8021673 0.8099973 0.8373134 0.8348479 0.8480976 0.8509099 1.0220334 0.7748216 0.9535149 1.0159211 1.3853224 1.3455402 1.2490463 1.6362288 1.4240778 1.4441636 1.4762288 1.5654923 1.7686184 1.7585789 2.0090610 1.7150890 2.1133376 1.8360691 2.1705948 2.0235389 2.1270191 2.0193802 2.1368002 2.3185928 2.3595080 2.1263911 2.3854884 1.8600052 1.9309077 1.6684517 1.9396451 1.8225510 1.9251642 1.6842181 1.8890145 1.8161871 1.8563211 1.8303501 1.8340425 1.9890613 1.7873924 1.9504980 1.9093845 1.9647352 2.5021808 2.2715442 2.2243830 2.1752567 2.4306083 2.4141048 2.2793971 2.4644711 2.3587128 2.3040000 2.3453647 2.5614743 1.8926540 2.6071439 2.5221844 2.5426288 2.5607622 1.6733819 2.8896199 2.8345884 2.8756650 2.9194977 2.9617368 2.6917361 2.9180778 3.0113870 2.6473524 2.9294139 2.7189488 2.6715203 2.6830939 2.7608281 2.6726037 2.9134121 3.0107096 2.5794537 2.9521258 2.9178461 2.6940877 2.6864246 2.5656879 2.6118616 2.5523081 2.6164603 2.6979896 2.6400593 2.6255982 2.8530464 2.7107992 2.7161887 2.6511227 2.5867743 2.6766436 2.6204481 2.6121065 2.7191462 2.8691408 2.8355749 2.6531031 2.6656268 2.8971514 2.6617198 2.8791257 3.0559020 2.8003794 2.6645792 2.7279844 2.8161478 2.7514659 2.7288554 2.7287795 2.6830539 2.5914681 2.6881076 2.7607874 2.8111965 2.7730878 2.7311087 2.7760273 2.8210655 2.8727465 2.8799236 2.9684969 2.9600515 2.9543500 2.7941666 2.8404841 2.7875562 2.7985919 2.8712259 2.9428003 2.9140301 3.0978777 2.8923957 2.9380720 2.9575207 2.6497471 2.6727618 2.7388670 2.7349805 2.8508233 2.7109930 2.8145580 2.7936180 3.0980842 2.9542648 3.1414838 3.2247443 3.3304159 2.9908663 3.2118555 2.8592158 3.8253858 4.4036682 1.6692691 1.7312941 1.9972014 1.9756262 2.9122328 2.7466836 3.1182232 3.0076662 3.4373727 3.4878874 3.4490748 4.1552866 3.1129916 3.4772155 3.3056965 3.5779354 4.0996967 3.4470674 4.1558503 4.1638519 4.0556974 4.1185566 3.9277670 4.4547583 4.6427305 4.5300784 4.3800325 4.5316756 4.4762105 4.2887832 4.7805896 4.8760078 4.6068038 3.5692896 4.0894457 4.1648469 3.6932996 4.0631814 3.5767653 4.8722816 4.2587602 4.3865777 4.2672593 
ODV91698.1     0.9830009 1.0439627 0.9976071 1.0410008 0.9807043 0.9367003 0.9813140 0.9531471 0.9227135 0.9298981 0.0000000 1.0207045 0.9956251 0.9270060 0.9947975 1.0318459 0.9397849 0.9520033 1.0107839 0.9865657 0.9911488 0.9834897 1.0631731 0.8907567 1.0879644 1.1777471 1.5336340 1.4006008 1.3346158 1.6105113 1.5226844 1.5315401 1.5456577 1.7692387 1.9623529 1.9645142 2.2773996 2.0087375 2.1973561 2.0395510 2.3354557 2.1822287 2.4251080 2.2635791 2.3239329 2.5713196 2.5694179 2.3611813 2.7525003 1.9443302 2.0246263 1.8490625 2.0887767 2.0412191 2.0343771 1.9012881 2.0683410 1.9539682 2.0074872 2.0010497 2.0620075 1.9789397 1.9049813 2.0161332 2.0447209 2.1525539 2.8535550 2.5822520 2.4439125 2.4331423 2.6492988 2.7111224 2.5888416 2.6988895 2.7579337 2.5930909 2.5139053 2.7851893 2.1708449 2.8719698 2.9875086 2.9240904 2.6213454 1.7186727 3.2751307 3.3446043 3.2516565 3.1614333 3.2094046 3.0254662 3.2637874 3.3883033 2.8239368 3.2316164 2.9111053 2.9916648 3.0545868 3.1306998 3.1007568 3.1965422 3.2963624 2.9212073 3.1744497 3.1604002 2.8710918 3.0462467 2.9858670 2.9905064 2.9268234 2.9832636 3.0022045 3.1182524 2.9927346 3.1839046 3.2042676 3.1910334 3.1260362 3.0821706 3.0469186 3.0110362 2.9556184 2.9589263 3.2248178 3.2527770 3.0597008 2.9951156 3.1975142 3.2052674 3.3292189 3.4469449 3.1156733 3.1134451 3.1476085 3.1814097 3.1531288 3.1531764 3.1148688 3.0421557 3.0435863 3.0564623 3.1664343 3.2220123 3.2667876 3.0552838 3.3347234 3.2744540 3.1799753 3.2353712 3.3284112 3.3897293 3.3584289 3.3512326 3.1809074 3.2308846 3.1514050 3.0222487 3.2316159 3.3116528 3.4935153 3.2533309 3.2800396 3.2979137 3.0778093 3.1370261 3.1348632 3.2648945 3.1075137 3.0813383 3.2576851 3.2652868 3.4068413 3.3549178 3.7499874 3.4770554 3.5303740 3.3441036 3.5464957 3.2202848 4.4718355 4.7118326 1.8736734 1.8178685 2.1829545 2.1282057 3.1011537 2.9901717 3.4357522 2.9978166 3.6224669 3.7251406 3.8292723 4.2975069 3.1662708 3.5021047 3.6078871 3.5538000 3.9953347 3.4646973 4.1625255 4.3734690 4.6147406 4.5258335 4.0001750 5.0582319 4.7738286 4.2587819 4.2606547 4.4739895 4.5984823 4.7455862 5.0886552 5.1473877 4.9295860 3.7418034 4.2818182 4.4000252 4.0017872 4.7397095 3.7472976 5.0760034 4.3878679 4.6248603 4.2606697 
SMY19906.1     1.0470921 1.0522550 1.0763534 1.0616514 1.0029136 1.0072094 1.0175061 0.9889284 0.9665962 0.8041893 1.0207045 0.0000000 0.2465347 0.3212926 0.4037598 0.4013289 0.3369371 0.3411672 0.3575976 0.3720893 0.3781587 0.4629100 0.8302963 0.7949526 0.7912674 0.8685930 1.3006790 1.1974477 1.0930569 1.3749830 1.2879293 1.1990616 1.2378595 1.3429502 1.5728666 1.5851204 1.7527735 1.4446293 1.8748778 1.6745085 1.8322162 1.7188382 1.8456230 1.7911369 1.8377094 1.9592647 2.0308720 1.9472606 1.9201679 1.6166932 1.6719979 1.4966706 1.6439756 1.5888402 1.7087891 1.4871652 1.7067285 1.6358437 1.6394560 1.6229407 1.6666713 1.8081006 1.7408919 1.8075401 1.7667350 1.9596030 2.1795248 1.9838565 1.9460681 2.0420449 2.0806491 2.0545896 2.0420965 2.1655263 2.0537614 2.2072631 2.1994056 2.3565021 1.8662563 2.2847092 2.2824832 2.2937977 2.0139727 1.6534045 2.6150338 2.5178437 2.4544639 2.6445269 2.5051241 2.2326042 2.4759063 2.5373377 2.2779144 2.6085068 2.3285875 2.4353799 2.5344323 2.5155770 2.4367753 2.5566720 2.6275987 2.3052891 2.6513055 2.7161118 2.4043434 2.4936894 2.3503080 2.4153885 2.2392591 2.3400360 2.4344507 2.3824507 2.3515932 2.5350598 2.4531785 2.4437067 2.3973083 2.3660486 2.4154974 2.4181764 2.3859515 2.4146899 2.5417114 2.6047211 2.5013989 2.5290158 2.6918844 2.4436796 2.6046626 2.8080537 2.6789722 2.5799157 2.6602686 2.6500950 2.7237421 2.7296293 2.6402044 2.5623734 2.5086066 2.5713148 2.6870560 2.7084308 2.6921986 2.6070730 2.7379930 2.6581997 2.7028655 2.6625725 2.7177664 2.7844746 2.7323749 2.6589128 2.6904127 2.6512524 2.6560971 2.6526400 2.7246008 2.7627435 2.8902492 2.7194983 2.7232793 2.7281707 2.4110804 2.4377895 2.4512028 2.5200883 2.5339620 2.4793599 2.5133445 2.5148478 2.7382447 2.7122501 3.0864952 2.8853097 2.9607735 2.8443311 2.9127654 2.6035472 3.6590376 4.1737749 1.6875520 1.6789188 1.8584509 1.8402407 2.6715906 2.4701138 2.7550440 2.6447536 3.1481542 3.1673195 3.1550049 3.5335967 2.7763916 2.9824219 3.0741849 3.2918348 3.8501828 3.4860950 3.6975411 3.9711629 4.0004553 3.8687316 3.6118552 4.3300292 4.2253432 4.2181160 3.8080223 3.8946426 4.2755852 3.8846361 4.3799817 4.5594509 4.3359894 3.2859947 3.7287902 3.7666468 3.4266687 3.9602278 3.2298885 4.3633766 3.7558761 4.1293695 3.9748815 
XP_001797133.1 1.0621646 1.0517842 1.0986706 1.0817394 0.9869820 1.0082823 1.0251010 1.0321552 0.9762080 0.8514919 0.9956251 0.2465347 0.0000000 0.3020659 0.3873284 0.3548945 0.2784210 0.3114910 0.3177628 0.3289291 0.3336808 0.4691553 0.8350214 0.8006492 0.8024940 0.8790495 1.2328850 1.1373755 1.0529560 1.3123332 1.2459109 1.1715817 1.1819086 1.3107741 1.5579804 1.5322349 1.7650858 1.4297214 1.8544909 1.6835743 1.8494353 1.6471519 1.7908185 1.7626593 1.8021504 1.9738971 1.9281486 1.8847763 1.8679151 1.6177736 1.6477314 1.4593874 1.6418273 1.5986781 1.6287738 1.4549131 1.7123896 1.6485698 1.6397242 1.6201419 1.7149961 1.7778945 1.6857861 1.7447149 1.7157589 1.8956388 2.1341274 1.9688158 1.9727994 1.9881440 1.9847348 1.9651249 1.9748084 2.0654935 2.0257958 2.1557494 2.1037501 2.3295924 1.7796684 2.3072635 2.2627281 2.2306405 1.9623943 1.6037308 2.5135421 2.4811206 2.4051755 2.5183453 2.5654546 2.2655392 2.5667403 2.5499267 2.2843610 2.5614092 2.3724148 2.3806699 2.5583212 2.5666189 2.3998574 2.5321873 2.6014697 2.2455363 2.5027360 2.4809300 2.4038934 2.4028337 2.2938312 2.3025274 2.2071352 2.3431750 2.4401369 2.4383870 2.2703792 2.4785400 2.4057506 2.3799687 2.3642018 2.2880013 2.3970896 2.3329215 2.3108264 2.3933476 2.5327212 2.4896821 2.3800853 2.3722426 2.5198856 2.3501609 2.4889161 2.6849706 2.4658272 2.4818059 2.5360774 2.5151363 2.5766776 2.5622600 2.5108481 2.4851107 2.4692029 2.4866615 2.5783411 2.6219112 2.5828074 2.5456352 2.6495826 2.5965528 2.5944452 2.6481739 2.6821556 2.7068975 2.6969531 2.6091187 2.6036966 2.5655561 2.5728223 2.5139812 2.7018038 2.6609691 2.8086354 2.6454168 2.6183781 2.7536330 2.4014122 2.3984542 2.3779629 2.4573164 2.5261669 2.4567089 2.5289036 2.4666873 2.7106463 2.7686099 3.1513541 2.7549717 2.8680703 2.7933266 2.9366035 2.6316556 3.5283828 3.7890543 1.6405053 1.6426738 1.8431395 1.9271655 2.7789315 2.5392257 2.7462059 2.5858505 3.1219892 3.0580090 3.1273511 3.5131760 2.7000919 3.1165721 3.0830553 3.2279669 3.7481251 3.3456516 3.6211886 3.9138138 3.7954927 3.9121657 3.5497165 4.2674039 4.0974449 4.0243446 3.6777027 3.6880836 4.0858290 3.8484444 4.2627606 4.5042978 4.0570207 3.4039568 3.6597283 3.6947275 3.5414201 3.8995963 3.3411452 4.1339064 3.7619251 4.2003203 3.8384471 
XP_001590366.1 1.0617207 1.0519377 1.0540313 1.0301450 0.9732201 0.9946519 1.0718800 0.9840147 0.9582155 0.8443573 0.9270060 0.3212926 0.3020659 0.0000000 0.2590259 0.2437010 0.2869294 0.3002990 0.3081050 0.3252663 0.3311170 0.4247981 0.8014899 0.7755374 0.7593471 0.8276712 1.2773560 1.1388156 1.0438190 1.3636527 1.2142831 1.1660934 1.1839374 1.3187929 1.5627651 1.5440891 1.7128882 1.4728295 1.8312944 1.6178033 1.7892552 1.6207147 1.8704618 1.7914053 1.8104978 2.0106618 1.9601798 1.8550888 1.9360696 1.5868442 1.6471967 1.4968600 1.6786658 1.5913002 1.6815909 1.4208789 1.6896401 1.6549009 1.6300376 1.6449448 1.7280729 1.7132702 1.6230158 1.7314046 1.6906062 1.8963281 2.1732843 1.9626713 1.9971662 1.9623114 2.0214358 2.0002888 1.9479100 2.1293383 2.0273337 2.1962251 2.0912121 2.3092892 1.7889225 2.2210362 2.2846373 2.1644084 1.9957579 1.6448534 2.4760554 2.3973644 2.3240130 2.6291947 2.5128071 2.2723513 2.5535189 2.5665505 2.2743731 2.5200825 2.2971388 2.3341354 2.5014642 2.5229924 2.4873858 2.6447732 2.7010336 2.1587531 2.5416374 2.5381727 2.3846633 2.4301908 2.4426641 2.3846597 2.2744726 2.3881811 2.3792299 2.3766729 2.2138092 2.4243680 2.3975113 2.4368457 2.3691201 2.3189615 2.3643989 2.4318414 2.3998744 2.4221562 2.5796188 2.4819033 2.4483464 2.4487608 2.6077148 2.3866943 2.5691594 2.6622674 2.5147711 2.5027919 2.5345868 2.5701725 2.5976785 2.5696228 2.5254532 2.5430219 2.5098025 2.5465367 2.6525241 2.6939224 2.5980689 2.5918598 2.6219148 2.5813936 2.6203416 2.6216329 2.6511483 2.7305711 2.7266701 2.6554411 2.6761976 2.6077275 2.5566095 2.6389416 2.6888717 2.5582654 2.8202791 2.6374858 2.6145969 2.7210672 2.4280138 2.4506481 2.4701032 2.5524996 2.5779438 2.4872583 2.5164384 2.5221089 2.7927467 2.6537339 3.0267496 2.8422159 2.8196787 2.7719479 2.8569667 2.6269232 3.6328840 3.8975792 1.6358924 1.6188636 1.7716575 1.7939058 2.5703761 2.4472029 2.6590663 2.5732424 3.1765272 3.0754165 3.0930683 3.6329206 2.8246717 2.9433176 3.0158280 3.2737142 3.6141506 3.3945324 3.6630437 3.9723744 3.9746626 3.8198565 3.5664825 4.1782893 4.1442225 3.9660157 3.8266704 3.7578132 4.0996790 3.7886026 4.1296934 4.4352589 4.1636652 3.4548953 3.6234517 3.5558673 3.6555919 3.9379507 3.3859681 4.3192850 3.8955097 4.1741988 3.8138836 
XP_961563.2    1.0891100 1.0366417 1.0521762 1.0450733 1.0095537 0.9932056 1.0525419 0.9794114 0.9929524 0.8758165 0.9947975 0.4037598 0.3873284 0.2590259 0.0000000 0.1993714 0.3547230 0.3507720 0.3512272 0.3544242 0.3987026 0.4753310 0.8534039 0.7988305 0.8026423 0.8881103 1.2987648 1.2148325 1.1149346 1.3793966 1.2462402 1.1738620 1.1987779 1.4166095 1.6193696 1.6208496 1.8318696 1.5251481 1.8864952 1.7017441 1.9272406 1.7454310 1.9006425 1.8208709 1.8851374 2.0345521 2.0213213 1.9982350 1.9493412 1.6588029 1.7048265 1.5841951 1.7904234 1.6815912 1.7184672 1.5974543 1.7657847 1.7438432 1.7177880 1.7002908 1.7734596 1.6976553 1.6902843 1.7595288 1.7308124 1.8550068 2.1365038 2.0308381 2.0320624 2.0145931 2.0926659 2.0879886 2.0912148 2.2261854 2.0804397 2.2274891 2.2094285 2.4621683 1.8691824 2.2666775 2.2880993 2.1989367 2.0863832 1.6025254 2.5480489 2.5169636 2.4109357 2.6525016 2.6015552 2.3922964 2.6107299 2.6684964 2.3337071 2.6596755 2.5306700 2.4721669 2.6497864 2.6904345 2.6409707 2.7823178 2.7998054 2.4506258 2.6685435 2.6234433 2.3409277 2.3886987 2.4144901 2.4076441 2.2742603 2.3570800 2.3706201 2.3758386 2.2447866 2.4897393 2.3965564 2.4528015 2.3668732 2.3630588 2.3305126 2.4178101 2.4110132 2.3513047 2.6577834 2.4835345 2.4120500 2.4283932 2.5242403 2.4116933 2.5589556 2.7111936 2.4770044 2.4567962 2.5047694 2.5523733 2.5683135 2.5655344 2.5350717 2.4815172 2.4603523 2.5254631 2.6160694 2.6755536 2.6195714 2.5782600 2.6476228 2.5193125 2.5748733 2.4851121 2.5651839 2.5883775 2.6580553 2.5337969 2.5644787 2.5027059 2.5096009 2.5581896 2.6117619 2.5797736 2.7406092 2.6498620 2.6358943 2.7501087 2.4614739 2.5390285 2.4476074 2.4399652 2.5185303 2.4706952 2.4831867 2.4320349 2.8209272 2.7403666 3.0941003 2.9987032 2.9972135 2.9536352 3.0055428 2.6906615 3.7450947 4.2220175 1.6000296 1.5817493 1.8303604 1.7958347 2.7599184 2.4919125 2.8182765 2.7680173 3.3185727 3.2025411 3.1898364 3.7529369 3.0455082 2.9423119 3.1194420 3.4061386 3.8671425 3.4552025 3.9772918 4.0966804 4.0287366 3.9469610 3.6290545 4.3935405 4.2765244 4.1847399 4.0949507 3.8462383 4.3527523 3.8645969 4.2991640 4.5443208 4.3997560 3.5864453 3.6759723 3.7598350 3.7058895 4.1732871 3.6283774 4.3837674 4.0461761 4.1838747 3.8149648 
XP_011326696.1 1.1131882 1.0419402 1.0776262 1.0770408 0.9932299 1.0198658 1.0408835 1.0349654 1.0043581 0.8987473 1.0318459 0.4013289 0.3548945 0.2437010 0.1993714 0.0000000 0.3382733 0.3495941 0.3449028 0.3494389 0.3694503 0.4923726 0.8426069 0.8262922 0.8282836 0.9050150 1.2297423 1.1593232 1.0855654 1.2632170 1.1697439 1.0973737 1.1168388 1.4147758 1.5566968 1.5802290 1.7346465 1.4754533 1.8111273 1.7200888 1.7605938 1.6998613 1.8654770 1.7604496 1.8015183 1.9480578 2.0156537 1.9639723 2.0038491 1.5710121 1.6169098 1.5922507 1.7105685 1.5915455 1.6383727 1.5719741 1.6680849 1.6767159 1.6714104 1.7012307 1.7695324 1.7470098 1.6934917 1.7072443 1.7078925 1.8941954 2.1674850 2.0824017 1.9967294 2.0375719 2.0660427 2.0771648 1.9737017 2.1343233 2.0506769 2.2396181 2.2147271 2.5118584 1.8728077 2.2740085 2.3387809 2.2946536 2.0926333 1.6357375 2.5072576 2.4270426 2.4128303 2.6364436 2.5402101 2.3742981 2.5336565 2.6125637 2.3650551 2.5084955 2.4703492 2.5036863 2.5793503 2.6483791 2.6446038 2.6756956 2.7373010 2.4007386 2.5053159 2.5022795 2.3374338 2.3663108 2.3076814 2.2796432 2.2419793 2.3352008 2.3181575 2.3253432 2.2589512 2.4536629 2.3359949 2.3942514 2.3149065 2.3336043 2.2723872 2.3165060 2.3120462 2.3219225 2.5602847 2.4958407 2.3587121 2.3936117 2.5361812 2.4132471 2.5108682 2.5688164 2.4679781 2.3726035 2.4067444 2.4408360 2.4899378 2.4181932 2.4356285 2.4452915 2.4320534 2.4667684 2.5237175 2.5509113 2.5072860 2.4645505 2.5938682 2.4513208 2.5018691 2.4201724 2.5346472 2.5762235 2.5833777 2.5085232 2.5109182 2.4998097 2.4607194 2.3832360 2.5777234 2.5527724 2.7042314 2.5697539 2.5426479 2.5738950 2.4913656 2.5325252 2.4094736 2.5027984 2.5062163 2.4111597 2.4602935 2.4730418 2.7701311 2.6403575 2.9890855 2.8398542 2.8711239 2.8076284 2.8291217 2.5907172 3.5874581 4.0694398 1.5743522 1.5620226 1.7978390 1.7717675 2.6734835 2.4357100 2.7371675 2.7784694 3.3923475 3.3224260 3.2374853 3.7351127 2.8764582 3.0444728 3.1560294 3.3017935 3.6596514 3.4960722 3.9366650 4.4350560 4.0469851 4.0135703 3.7334342 4.3782425 4.1800148 4.2679768 4.0300563 3.9384575 4.5473305 3.9472711 4.3420121 4.5815475 4.4220812 3.5864675 3.7133390 3.7112355 3.5541511 4.0751037 3.6415279 4.5198508 4.0254896 4.0798594 3.9600458 
EEH08335.1     1.0403529 1.0164478 1.0523058 1.0597727 0.9360056 0.9495682 1.0124239 0.9718239 0.9637947 0.8021673 0.9397849 0.3369371 0.2784210 0.2869294 0.3547230 0.3382733 0.0000000 0.1796627 0.2114610 0.2447115 0.2505749 0.4874275 0.8367431 0.7419655 0.8134488 0.8928882 1.3010464 1.1481615 1.1081921 1.3278426 1.2784343 1.1965048 1.1852784 1.3421582 1.5703066 1.5744890 1.7458390 1.4542976 1.8410123 1.6318736 1.7899165 1.6360009 1.7902826 1.7370840 1.7694097 1.9489434 2.0493923 1.8181586 1.8814345 1.5831469 1.6406475 1.5252100 1.6410993 1.6076204 1.6445981 1.4471796 1.7304924 1.6870828 1.6179584 1.6731739 1.7190094 1.7335332 1.6802854 1.7182312 1.7148127 1.8513355 2.1341070 1.9859275 2.0038399 1.9408740 2.0304544 2.0222875 1.9572408 2.1412244 2.0024096 2.1211237 2.0522854 2.3755940 1.8064777 2.2267397 2.2873208 2.1666534 2.0145183 1.5961017 2.4578843 2.3970550 2.3503149 2.5418811 2.5103761 2.2877544 2.5125556 2.5394035 2.2653171 2.5311258 2.3823468 2.3831084 2.5333823 2.5693118 2.5650777 2.7043835 2.7695308 2.3294255 2.5279637 2.5054247 2.4126092 2.3653632 2.1728570 2.1553855 2.1359509 2.2094744 2.3046950 2.2535864 2.1611621 2.3623196 2.3181456 2.3619056 2.2802800 2.2070404 2.3109602 2.3084224 2.2968561 2.2910730 2.3821195 2.3503619 2.3440660 2.3531405 2.5150178 2.3336342 2.4489531 2.6226048 2.4403348 2.4058646 2.4407000 2.4707882 2.5442514 2.5577493 2.5027634 2.4405866 2.3842138 2.4340333 2.4785401 2.5323175 2.5146624 2.4684324 2.5347895 2.4837426 2.5439016 2.5201239 2.5285448 2.6040445 2.5964631 2.5094289 2.4880769 2.4668597 2.5331147 2.4078236 2.5518226 2.4583221 2.6880516 2.5210318 2.5152372 2.5778489 2.3631958 2.4108071 2.4118514 2.5209933 2.4895740 2.4217475 2.5152931 2.3992448 2.6987885 2.6063546 3.0566201 2.7765643 2.8537694 2.7123481 2.7894398 2.5466846 3.6761081 3.7692885 1.6060056 1.6742133 1.7815295 1.8293324 2.6672374 2.4346420 2.5944669 2.4862941 3.0854836 3.0174466 3.1521388 3.5958557 2.7440897 2.9887760 3.0422398 3.1815441 3.6540734 3.3149382 3.5065078 3.9698747 3.7959392 3.8141039 3.4832269 4.3787406 4.0886130 4.1047858 3.8472649 3.7327366 4.1075526 3.8470533 4.3144010 4.3396893 4.1591486 3.3016587 3.5617724 3.5568318 3.3049217 3.9518530 3.3995538 4.2333156 3.6693152 3.9752461 3.8279522 
